#STN,LAT,LON,YYYY,MM,DD,hh,mm,WDIR,WSPD,GST,WVHT,DPD,APD,MWD,PRES,PTDY,ATMP,WTMP,DEWP,VIS,TIDE
#text,deg,deg,yr,mo,day,hr,mn,degT,m/s,m/s,m,sec,sec,degT,hPa,hPa,degC,degC,degC,nmi,ft
13001,12.000,-23.000,2022,11,10,07,00,60,3.3,3.9,MM,MM,MM,MM,1012.7,MM,27.2,MM,MM,MM,MM
13002,21.000,-23.000,2022,11,10,07,00,37,6.2,7.6,MM,MM,MM,MM,MM,MM,24.1,25.7,MM,MM,MM
13008,15.000,-38.000,2022,11,10,07,00,69,6.5,7.8,MM,MM,MM,MM,1014.8,MM,26.4,26.8,MM,MM,MM
14043,-12.000,67.000,2022,11,10,07,00,98,1.6,2.7,MM,MM,MM,MM,1011.2,MM,26.8,27.6,MM,MM,MM
15001,-10.000,-10.000,2022,11,10,07,00,136,7.4,8.5,MM,MM,MM,MM,1016.0,MM,22.5,MM,MM,MM,MM
15002,0.000,-10.000,2022,11,10,08,00,165,7.0,MM,MM,MM,MM,MM,MM,MM,25.7,25.8,MM,MM,MM
15006,-6.000,-10.000,2022,11,10,07,00,134,6.8,8.1,MM,MM,MM,MM,MM,MM,24.2,25.1,MM,MM,MM
22101,37.24,126.02,2022,11,10,08,00,350,2.0,MM,0.0,5,MM,MM,MM,MM,15.1,15.0,MM,MM,MM
22102,34.79,125.78,2022,11,10,08,00,360,2.0,MM,0.0,5,MM,MM,MM,MM,15.8,15.2,MM,MM,MM
22103,34.00,127.50,2022,11,10,08,00,60,3.0,MM,0.5,4,MM,MM,MM,MM,17.0,16.6,MM,MM,MM
22104,34.77,128.90,2022,11,10,08,00,240,2.0,MM,0.0,3,MM,MM,MM,MM,18.9,19.2,MM,MM,MM
22105,37.54,130.00,2022,11,10,08,00,320,3.0,MM,0.5,4,MM,MM,MM,MM,19.5,20.9,MM,MM,MM
22106,36.35,129.78,2022,11,10,08,00,60,3.0,MM,0.5,5,MM,MM,MM,MM,21.6,20.1,MM,MM,MM
22107,33.08,126.03,2022,11,10,08,00,100,7.0,MM,0.5,5,MM,MM,MM,MM,21.7,21.1,MM,MM,MM
22108,36.25,125.75,2022,11,10,08,00,60,1.0,MM,0.0,3,MM,MM,MM,MM,15.2,15.3,MM,MM,MM
31001,0.000,-35.000,2022,11,10,08,00,137,7.8,MM,MM,MM,MM,MM,MM,MM,25.3,27.5,MM,MM,MM
31003,-8.000,-30.000,2022,11,10,07,00,88,5.5,6.6,MM,MM,MM,MM,MM,MM,26.2,27.2,MM,MM,MM
31004,-14.000,-32.000,2022,11,10,07,00,93,8.4,10.2,MM,MM,MM,MM,MM,MM,25.6,27.2,MM,MM,MM
31005,-19.000,-34.000,2022,11,10,08,00,90,3.8,MM,MM,MM,MM,MM,1016.1,MM,25.0,25.4,MM,MM,MM
31006,4.000,-23.000,2022,11,10,07,00,179,4.3,5.4,MM,MM,MM,MM,MM,MM,26.2,28.1,MM,MM,MM
31007,0.000,-23.000,2022,11,10,07,00,143,7.2,9.2,MM,MM,MM,MM,1012.0,MM,25.9,MM,MM,MM,MM
32ST0,-22.000,-85.000,2022,11,10,08,30,MM,MM,MM,MM,MM,MM,MM,1018.4,MM,17.6,18.4,12.9,MM,MM
41001,34.714,-72.248,2022,11,10,08,40,100,11.0,14.0,MM,MM,7.3,87,1024.9,MM,23.1,24.5,MM,MM,MM
41002,31.759,-74.936,2022,11,10,08,50,90,15.0,19.0,5.4,11,7.8,76,1015.5,MM,23.6,24.8,22.3,MM,MM
41004,32.502,-79.099,2022,11,10,08,40,70,15.0,18.0,MM,MM,7.1,110,1016.2,MM,24.2,25.0,21.2,MM,MM
41008,31.400,-80.866,2022,11,10,08,50,30,18.0,23.0,3.4,13,6.2,23,1010.5,-3.7,19.6,21.8,MM,MM,MM
41009,28.508,-80.185,2022,11,10,08,40,90,21.0,28.0,MM,MM,9.7,59,991.4,MM,MM,25.0,MM,MM,MM
41010,28.878,-78.485,2022,11,10,08,50,100,15.0,19.0,9.0,13,10.1,74,1003.3,MM,MM,27.0,MM,MM,MM
41013,33.441,-77.764,2022,11,10,08,50,70,13.0,17.0,3.4,12,6.4,108,1019.5,MM,23.0,24.8,20.2,MM,MM
41024,33.837,-78.477,2022,11,10,07,08,30,11.0,15.0,MM,MM,MM,MM,1021.5,MM,16.5,19.4,14.7,MM,MM
41025,35.010,-75.454,2022,11,10,08,40,100,11.0,15.0,MM,MM,MM,MM,1023.5,MM,MM,25.5,MM,MM,MM
41029,32.803,-79.624,2022,11,10,08,08,60,15.0,21.0,MM,MM,MM,MM,1018.2,MM,18.1,19.9,16.8,MM,MM
41033,32.279,-80.406,2022,11,10,08,08,40,14.0,18.0,MM,MM,MM,MM,1016.3,MM,18.3,20.0,16.8,MM,MM
41037,33.988,-77.362,2022,11,10,08,08,90,11.0,16.0,MM,MM,MM,MM,1021.2,MM,22.7,21.7,19.2,MM,MM
41038,34.141,-77.715,2022,11,10,06,08,50,11.0,16.0,MM,MM,MM,MM,MM,MM,18.1,20.0,15.6,MM,MM
41043,21.026,-64.793,2022,11,10,08,50,140,5.0,7.0,1.6,9,6.6,94,1012.3,MM,27.6,28.3,25.4,MM,MM
41044,21.582,-58.630,2022,11,10,08,50,MM,4.0,5.0,1.5,15,6.9,8,1015.5,MM,MM,28.2,MM,MM,MM
41046,23.822,-68.384,2022,11,10,08,50,90,5.0,7.0,1.6,9,6.5,94,1013.7,MM,27.4,28.1,25.0,MM,MM
41047,27.465,-71.452,2022,11,10,08,50,100,8.0,11.0,4.4,11,8.3,34,1012.4,MM,26.4,27.2,23.2,MM,MM
41048,31.831,-69.573,2022,11,10,08,50,MM,MM,MM,4.5,10,7.5,67,1021.6,MM,MM,MM,MM,MM,MM
41049,27.490,-62.938,2022,11,10,08,50,80,9.0,10.0,3.1,10,7.6,9,1015.2,MM,24.4,26.7,22.9,MM,MM
41052,18.249,-64.763,2022,11,10,08,30,90,5.0,6.0,MM,MM,MM,MM,MM,MM,28.2,MM,MM,MM,MM
41053,18.474,-66.099,2022,11,10,08,30,180,2.0,3.0,MM,MM,MM,MM,1011.6,MM,26.3,MM,MM,MM,MM
41056,18.261,-65.464,2022,11,10,08,00,100,5.0,6.0,0.7,14,MM,46,1011.3,-0.9,27.5,28.2,MM,MM,MM
41064,34.207,-76.949,2022,11,10,08,08,100,11.0,16.0,MM,MM,MM,MM,1023.4,MM,22.5,21.1,17.4,MM,MM
41065,32.802,-79.619,2022,11,10,07,35,MM,MM,MM,1.8,11,MM,MM,MM,MM,MM,19.5,MM,MM,MM
41066,32.536,-79.656,2022,11,10,08,08,60,15.0,18.0,MM,MM,MM,MM,1016.9,MM,18.9,MM,17.9,MM,MM
41076,32.536,-79.659,2022,11,10,08,04,MM,MM,MM,3.0,11,MM,112,MM,MM,MM,MM,MM,MM,MM
41112,30.709,-81.292,2022,11,10,08,30,MM,MM,MM,3.7,13,6.6,94,MM,MM,20.1,21.5,MM,MM,MM
41113,28.400,-80.533,2022,11,10,08,26,MM,MM,MM,2.9,11,6.0,110,MM,MM,MM,24.0,MM,MM,MM
41115,18.376,-67.280,2022,11,10,08,26,MM,MM,MM,0.8,14,7.5,8,MM,MM,MM,28.4,MM,MM,MM
41117,30.000,-81.080,2022,11,10,08,30,MM,MM,MM,4.9,13,8.0,65,MM,MM,24.2,22.6,MM,MM,MM
41120,35.259,-75.286,2022,11,10,08,30,MM,MM,MM,3.5,11,7.5,105,MM,MM,MM,18.9,MM,MM,MM
41121,18.490,-66.701,2022,11,10,08,26,MM,MM,MM,0.9,11,MM,MM,MM,MM,MM,28.2,MM,MM,MM
41139,20.000,-38.000,2022,11,10,07,00,118,4.2,5.2,MM,MM,MM,MM,1017.4,MM,25.9,26.6,MM,MM,MM
41159,34.213,-76.949,2022,11,10,08,26,MM,MM,MM,3.4,11,7.1,110,MM,MM,MM,21.1,MM,MM,MM
42001,25.919,-89.674,2022,11,10,08,50,60,8.0,10.0,2.1,10,5.8,75,1011.7,MM,24.9,27.4,21.5,MM,MM
42002,26.055,-93.646,2022,11,10,08,50,90,3.0,5.0,1.6,8,5.8,80,1014.3,MM,25.4,MM,MM,MM,MM
42012,30.060,-87.548,2022,11,10,08,50,60,10.0,13.0,1.5,6,4.7,100,1015.3,MM,19.1,23.2,14.3,MM,MM
42013,27.173,-82.924,2022,11,10,07,35,350,15.0,19.0,MM,MM,MM,MM,1005.2,MM,22.3,25.6,20.6,MM,MM
42019,27.910,-95.345,2022,11,10,08,50,MM,7.0,9.0,1.4,7,5.1,102,1014.2,MM,25.2,MM,20.3,MM,MM
42020,26.968,-96.693,2022,11,10,08,50,140,4.0,5.0,1.3,7,5.1,96,1014.1,MM,25.1,25.1,21.6,MM,MM
42022,27.505,-83.741,2022,11,10,07,35,10,14.0,18.0,MM,MM,MM,MM,1008.2,MM,22.5,26.1,20.4,MM,MM
42036,28.501,-84.508,2022,11,10,08,50,10,13.0,16.0,2.9,7,5.7,25,1008.4,MM,20.6,25.5,20.4,MM,MM
42039,28.787,-86.007,2022,11,10,08,50,30,10.0,13.0,2.3,6,5.4,44,1013.3,MM,21.0,MM,16.6,MM,MM
42040,29.207,-88.237,2022,11,10,08,50,60,8.0,10.0,1.9,7,5.3,82,1015.2,MM,21.8,24.7,17.2,MM,MM
42055,22.124,-93.941,2022,11,10,08,40,30,2.0,3.0,MM,MM,5.5,55,1014.4,MM,MM,27.5,MM,MM,MM
42056,19.820,-84.945,2022,11,10,08,50,290,7.0,8.0,0.8,6,4.6,6,MM,MM,27.4,29.1,21.4,MM,MM
42059,15.300,-67.483,2022,11,10,08,50,60,4.0,5.0,1.0,9,5.8,93,1011.6,MM,27.1,28.5,24.5,MM,MM
42060,16.434,-63.329,2022,11,10,08,50,MM,7.0,9.0,1.1,9,4.4,75,1012.0,MM,MM,MM,MM,MM,MM
42084,28.988,-89.649,2022,11,10,08,30,MM,MM,MM,0.9,3,3.7,77,MM,MM,21.7,24.1,MM,MM,MM
42085,17.870,-66.537,2022,11,10,08,00,10,4.0,4.0,0.8,6,MM,138,1011.6,-0.9,26.4,28.2,MM,MM,MM
42095,24.407,-81.967,2022,11,10,08,30,MM,MM,MM,0.8,3,3.8,308,MM,MM,23.3,27.3,MM,MM,MM
42097,25.701,-83.650,2022,11,10,08,26,MM,MM,MM,3.3,9,6.7,352,MM,MM,MM,26.8,MM,MM,MM
42098,27.590,-82.931,2022,11,10,08,26,MM,MM,MM,2.4,8,4.9,308,MM,MM,MM,24.5,MM,MM,MM
42099,27.349,-84.275,2022,11,10,08,26,MM,MM,MM,3.3,8,6.5,15,MM,MM,MM,25.3,MM,MM,MM
42501,26.00,-89.81,2022,11,10,07,30,63,8.0,8.8,2.2,10,MM,MM,1013.6,MM,24.7,27.4,19.6,MM,MM
42503,25.97,-85.76,2022,11,10,07,30,18,11.0,12.1,2.8,8,MM,MM,1011.3,MM,24.8,28.1,21.0,MM,MM
44005,43.201,-69.127,2022,11,10,08,50,230,14.0,17.0,2.1,6,5.0,228,1026.2,-2.5,10.8,12.2,6.9,MM,MM
44007,43.525,-70.140,2022,11,10,08,40,220,12.0,15.0,MM,MM,4.6,190,1025.7,MM,9.0,11.8,3.4,MM,MM
44008,40.496,-69.250,2022,11,10,08,40,210,2.0,4.0,MM,MM,6.3,173,1030.2,MM,MM,18.3,MM,MM,MM
44009,38.460,-74.692,2022,11,10,08,50,80,6.0,7.0,MM,MM,5.9,135,1029.5,MM,16.3,16.7,14.4,MM,MM
44011,41.093,-66.562,2022,11,10,08,50,MM,MM,MM,1.2,10,6.0,155,1031.8,MM,MM,18.2,MM,MM,MM
44013,42.346,-70.651,2022,11,10,08,40,220,7.0,9.0,MM,MM,3.1,219,1029.6,MM,MM,13.0,MM,MM,MM
44017,40.693,-72.049,2022,11,10,08,40,210,6.0,7.0,MM,MM,5.6,134,1030.4,MM,13.1,MM,8.3,MM,MM
44018,42.203,-70.154,2022,11,10,08,40,240,8.0,10.0,MM,MM,3.5,236,1028.5,MM,10.7,13.1,7.7,MM,MM
44020,41.493,-70.279,2022,11,10,08,40,230,9.0,12.0,MM,MM,3.4,215,1029.5,MM,13.1,14.7,MM,MM,MM
44025,40.251,-73.164,2022,11,10,08,40,MM,4.0,5.0,MM,MM,6.8,148,1029.4,MM,MM,16.6,MM,MM,MM
44027,44.283,-67.300,2022,11,10,08,40,210,13.0,16.0,MM,MM,5.3,231,1024.7,MM,10.7,12.0,7.6,MM,MM
44029,42.523,-70.566,2022,11,10,07,04,220,11.0,13.0,1.2,4,MM,MM,1028.7,MM,9.8,12.7,MM,1.6,MM
44030,43.179,-70.426,2022,11,10,07,04,220,12.0,14.0,1.3,5,MM,MM,1028.1,MM,9.0,12.0,MM,1.6,MM
44032,43.715,-69.355,2022,11,10,07,04,230,13.0,15.0,2.0,6,MM,MM,1026.2,MM,10.8,12.1,MM,1.6,MM
44033,44.055,-68.996,2022,11,10,07,04,220,12.0,15.0,1.1,5,MM,MM,1025.0,MM,11.2,12.2,MM,1.6,MM
44034,44.103,-68.112,2022,11,10,07,04,230,12.0,15.0,1.8,6,MM,MM,1026.3,MM,10.8,12.2,MM,1.6,MM
44037,43.497,-67.876,2022,11,10,07,04,190,11.0,13.0,2.0,5,MM,MM,MM,MM,10.7,MM,MM,1.6,MM
44040,40.956,-73.580,2022,11,10,08,15,290,3.0,4.0,MM,MM,MM,MM,MM,MM,10.1,MM,7.4,MM,MM
44041,37.211,-76.787,2022,11,10,08,36,10,1.0,2.0,0.0,MM,MM,MM,MM,MM,11.0,MM,MM,MM,MM
44042,38.033,-76.335,2022,11,10,08,36,30,5.0,6.0,0.1,MM,MM,MM,MM,MM,11.8,15.7,MM,MM,MM
44056,36.200,-75.714,2022,11,10,08,26,MM,MM,MM,2.3,11,6.9,100,MM,MM,MM,17.1,MM,MM,MM
44058,37.567,-76.257,2022,11,10,08,36,30,7.0,9.0,0.7,3,MM,MM,MM,MM,13.2,16.1,MM,MM,MM
44062,38.556,-76.415,2022,11,10,08,36,50,5.0,MM,0.3,3,MM,MM,1030.8,MM,10.5,15.3,MM,MM,MM
44063,38.963,-76.448,2022,11,10,08,42,30,4.0,5.0,MM,MM,MM,MM,1030.2,MM,10.6,15.4,MM,MM,MM
44064,36.998,-76.087,2022,11,10,08,36,40,8.0,10.0,0.8,10,MM,MM,1028.1,MM,15.0,16.6,MM,MM,MM
44065,40.369,-73.703,2022,11,10,08,40,270,3.0,5.0,MM,MM,6.9,145,1029.6,MM,MM,15.9,MM,MM,MM
44066,39.618,-72.644,2022,11,10,08,50,140,6.0,7.0,1.4,11,6.5,144,1029.4,MM,MM,MM,MM,MM,MM
44072,37.201,-76.266,2022,11,10,08,42,350,5.0,6.0,0.5,3,MM,MM,MM,MM,14.0,16.3,MM,MM,MM
44085,41.387,-71.032,2022,11,10,08,30,MM,MM,MM,1.2,4,4.0,223,MM,MM,12.7,15.3,MM,MM,MM
44086,36.001,-75.421,2022,11,10,08,26,MM,MM,MM,2.8,11,MM,MM,MM,MM,MM,17.9,MM,MM,MM
44088,36.611,-74.841,2022,11,10,08,30,MM,MM,MM,3.0,11,7.2,114,MM,MM,18.9,18.3,MM,MM,MM
44089,37.754,-75.325,2022,11,10,08,26,MM,MM,MM,1.9,11,5.8,128,MM,MM,MM,15.5,MM,MM,MM
44090,41.840,-70.329,2022,11,10,08,30,MM,MM,MM,0.4,3,2.1,213,MM,MM,11.1,13.7,MM,MM,MM
44091,39.768,-73.770,2022,11,10,08,26,MM,MM,MM,1.3,11,6.8,146,MM,MM,MM,16.2,MM,MM,MM
44095,35.750,-75.330,2022,11,10,08,26,MM,MM,MM,3.0,11,7.2,94,MM,MM,MM,17.9,MM,MM,MM
44097,40.967,-71.124,2022,11,10,08,26,MM,MM,MM,1.1,11,5.5,162,MM,MM,MM,15.7,MM,MM,MM
44098,42.800,-70.171,2022,11,10,08,26,MM,MM,MM,1.8,5,4.6,217,MM,MM,MM,12.9,MM,MM,MM
44099,36.915,-75.722,2022,11,10,08,26,MM,MM,MM,2.1,10,5.6,117,MM,MM,MM,17.0,MM,MM,MM
44100,36.258,-75.593,2022,11,10,08,26,MM,MM,MM,2.5,10,6.7,99,MM,MM,MM,17.9,MM,MM,MM
44137,42.260,-62.030,2022,11,10,08,00,MM,MM,MM,1.2,7,MM,MM,1030.7,-1.3,13.1,MM,MM,MM,MM
44139,44.240,-57.100,2022,11,10,08,00,MM,MM,MM,2.2,8,MM,MM,1027.1,-0.3,7.2,13.7,MM,MM,MM
44150,42.500,-64.020,2022,11,10,08,00,230,7.0,8.0,0.8,9,MM,MM,1030.4,-1.6,10.3,14.5,MM,MM,MM
44258,44.500,-63.400,2022,11,10,08,00,260,9.0,11.0,0.6,12,MM,MM,1027.5,-2.7,7.7,9.0,MM,MM,MM
44488,45.440,-60.950,2022,11,10,08,00,230,10.0,13.0,0.8,5,MM,MM,1025.6,-1.8,6.1,MM,MM,MM,MM
44489,45.490,-61.140,2022,11,10,09,00,240,13.0,16.0,0.9,3,MM,MM,1023.9,-3.3,6.0,10.7,MM,MM,MM
45001,48.061,-87.793,2022,11,10,08,40,10,8.0,11.0,MM,MM,3.2,27,1013.2,MM,5.5,MM,MM,MM,MM
45002,45.344,-86.411,2022,11,10,08,40,200,9.0,11.0,1.7,MM,4.9,196,1012.9,MM,10.3,8.1,8.7,MM,MM
45003,45.351,-82.840,2022,11,10,08,40,170,8.0,9.0,MM,MM,4.0,155,1015.9,MM,11.6,10.2,MM,MM,MM
45005,41.677,-82.398,2022,11,10,08,40,180,5.0,5.0,MM,MM,2.7,MM,1021.3,MM,13.2,11.9,7.2,MM,MM
45007,42.674,-87.026,2022,11,10,08,40,180,6.0,7.0,MM,MM,3.5,188,1017.7,MM,12.6,10.3,9.0,MM,MM
45008,44.283,-82.416,2022,11,10,08,40,180,6.0,7.0,MM,MM,3.6,168,1018.4,MM,11.0,9.1,7.2,MM,MM
45012,43.621,-77.401,2022,11,10,08,40,190,8.0,10.0,MM,MM,3.3,172,MM,MM,MM,11.7,MM,MM,MM
45013,43.100,-87.850,2022,11,10,08,30,160,4.0,6.0,0.4,4,MM,160,1018.0,MM,12.3,MM,MM,MM,MM
45132,42.460,-81.220,2022,11,10,08,00,180,6.0,7.0,0.5,3,MM,MM,1022.5,-1.1,13.9,12.5,MM,MM,MM
45135,43.780,-76.870,2022,11,10,08,00,190,9.0,11.0,MM,MM,MM,MM,1023.9,MM,11.7,12.3,MM,MM,MM
45136,48.540,-86.950,2022,11,10,08,00,30,9.0,10.0,0.5,3,MM,MM,1013.8,-0.4,5.7,5.0,MM,MM,MM
45137,45.540,-81.020,2022,11,10,08,00,240,9.0,11.0,1.4,5,MM,MM,1017.4,-0.5,13.7,10.8,MM,MM,MM
45139,43.250,-79.530,2022,11,10,08,00,210,7.0,8.0,0.3,3,MM,MM,1022.2,-1.4,13.2,10.1,MM,MM,MM
45142,42.740,-79.290,2022,11,10,08,00,200,7.0,9.0,0.7,3,MM,MM,1023.3,-1.0,13.5,12.5,MM,MM,MM
45143,44.940,-80.627,2022,11,10,08,00,310,9.0,10.0,0.6,3,MM,MM,1018.6,-1.0,13.4,10.0,MM,MM,MM
45147,42.430,-82.680,2022,11,10,08,00,190,4.0,MM,0.3,2,MM,MM,1021.3,-0.8,13.0,11.6,MM,MM,MM
45149,43.540,-82.080,2022,11,10,08,00,180,8.0,MM,0.7,4,MM,MM,1020.1,-1.2,12.9,11.2,MM,MM,MM
45151,44.500,-79.370,2022,11,10,08,00,180,5.0,MM,0.3,2,MM,MM,1021.4,-0.6,11.7,11.2,MM,MM,MM
45154,46.050,-82.640,2022,11,10,08,00,200,5.0,MM,0.4,2,MM,MM,1015.8,-0.9,12.0,MM,MM,MM,MM
45159,43.770,-78.980,2022,11,10,08,00,240,2.0,3.0,0.2,4,MM,MM,1023.0,-0.8,11.1,10.7,MM,MM,MM
45170,41.755,-86.968,2022,11,10,08,30,MM,5.0,7.0,0.3,3,MM,222,MM,MM,14.3,MM,8.4,MM,MM
45174,42.135,-87.655,2022,11,10,08,40,200,6.0,7.0,0.5,3,MM,159,1015.9,MM,15.9,11.6,8.0,MM,MM
45203,41.393,-82.512,2022,11,10,08,40,250,5.0,7.0,0.1,MM,MM,68,MM,MM,14.3,11.7,-0.2,MM,MM
46002,42.662,-130.507,2022,11,10,08,50,220,7.0,9.0,1.6,8,5.9,335,1024.0,MM,13.2,15.1,6.8,MM,MM
46004,50.930,-136.100,2022,11,10,08,00,160,13.0,15.0,MM,9,MM,MM,1010.6,-1.8,9.9,11.0,MM,MM,MM
46005,46.134,-131.079,2022,11,10,08,40,200,9.0,11.0,MM,MM,4.7,336,1021.1,MM,11.8,MM,5.3,MM,MM
46006,40.764,-137.377,2022,11,10,08,50,190,10.0,12.0,1.8,10,5.3,339,1020.9,MM,MM,MM,MM,MM,MM
46011,34.936,-120.998,2022,11,10,08,40,10,7.0,9.0,MM,MM,7.8,307,1022.7,MM,12.8,13.0,MM,MM,MM
46012,37.356,-122.881,2022,11,10,08,40,360,3.0,4.0,MM,MM,7.7,313,1025.1,MM,MM,MM,MM,MM,MM
46013,38.235,-123.317,2022,11,10,08,40,90,1.0,2.0,MM,MM,7.8,311,1025.7,MM,11.4,11.7,MM,MM,MM
46014,39.231,-123.974,2022,11,10,08,40,110,1.0,3.0,MM,MM,7.6,315,1026.5,MM,10.1,11.6,MM,MM,MM
46015,42.752,-124.844,2022,11,10,08,40,120,2.0,3.0,MM,MM,6.5,314,1027.0,MM,9.6,11.2,MM,MM,MM
46022,40.748,-124.527,2022,11,10,08,40,130,3.0,5.0,MM,MM,7.1,306,1026.3,MM,9.0,10.3,7.7,MM,MM
46025,33.755,-119.045,2022,11,10,08,40,60,3.0,4.0,MM,MM,6.5,265,1020.8,MM,14.9,16.1,8.5,MM,MM
46026,37.754,-122.839,2022,11,10,08,40,350,1.0,1.0,MM,MM,7.0,292,1025.5,MM,MM,11.5,MM,MM,MM
46027,41.840,-124.382,2022,11,10,08,40,120,3.0,4.0,MM,MM,7.1,302,1027.1,MM,8.4,10.7,MM,MM,MM
46028,35.770,-121.903,2022,11,10,08,40,350,6.0,8.0,MM,MM,7.7,304,1023.7,MM,12.8,13.4,MM,MM,MM
46029,46.163,-124.487,2022,11,10,08,40,30,1.0,2.0,MM,MM,5.7,305,1026.5,MM,9.2,11.2,MM,MM,MM
46035,57.016,-177.703,2022,11,10,07,50,70,7.0,9.0,2.1,9,MM,MM,1002.8,-2.3,5.3,5.4,MM,MM,MM
46036,48.360,-133.940,2022,11,10,08,00,170,12.0,15.0,2.0,6,MM,MM,1015.9,-1.8,11.5,12.3,MM,MM,MM
46042,36.785,-122.396,2022,11,10,08,40,350,5.0,6.0,2.1,MM,7.8,304,1024.3,MM,12.7,14.7,MM,MM,MM
46047,32.388,-119.525,2022,11,10,08,50,330,9.0,11.0,2.9,13,7.1,308,1019.5,MM,14.1,MM,9.7,MM,MM
46050,44.669,-124.546,2022,11,10,08,40,160,2.0,2.0,MM,MM,6.1,311,1025.4,MM,MM,12.1,MM,MM,MM
46053,34.241,-119.839,2022,11,10,08,40,140,2.0,3.0,MM,MM,6.3,253,1020.4,MM,13.8,13.6,MM,MM,MM
46054,34.274,-120.468,2022,11,10,08,40,340,9.0,12.0,MM,MM,7.1,290,1020.8,MM,12.8,14.1,MM,MM,MM
46059,38.053,-129.967,2022,11,10,08,50,170,1.0,3.0,2.6,10,7.3,355,1026.2,MM,14.4,16.6,6.6,MM,MM
46060,60.586,-146.787,2022,11,10,07,50,100,13.0,15.0,1.7,4,MM,MM,1002.8,+0.0,6.0,8.0,MM,MM,MM
46061,60.238,-146.833,2022,11,10,07,50,MM,17.0,20.0,3.8,10,MM,MM,1002.1,+0.5,4.9,8.6,MM,MM,MM
46066,52.765,-155.009,2022,11,10,08,40,290,10.0,12.0,MM,MM,7.4,268,1018.4,MM,6.4,6.7,MM,MM,MM
46069,33.677,-120.213,2022,11,10,08,40,340,9.0,11.0,MM,MM,7.2,302,1020.3,MM,13.4,14.6,8.7,MM,MM
46071,51.022,179.784,2022,11,10,08,40,80,8.0,11.0,MM,MM,9.4,146,967.0,MM,MM,6.7,MM,MM,MM
46072,51.666,-172.114,2022,11,10,08,40,120,17.0,23.0,5.1,MM,7.3,148,989.0,MM,6.6,5.9,5.3,MM,MM
46073,55.008,-172.012,2022,11,10,07,50,120,11.0,13.0,2.1,11,MM,MM,1004.0,-4.9,5.7,6.5,4.2,MM,MM
46075,53.969,-160.794,2022,11,10,08,40,240,5.0,7.0,MM,MM,7.0,244,1017.4,MM,6.6,6.8,3.3,MM,MM
46076,59.471,-148.009,2022,11,10,08,40,40,2.0,3.0,MM,MM,7.6,136,1000.7,MM,5.9,8.5,3.6,MM,MM
46077,57.869,-154.211,2022,11,10,07,50,280,9.0,11.0,1.6,6,MM,MM,1006.4,+2.2,5.2,5.6,-0.5,MM,MM
46078,55.557,-152.641,2022,11,10,08,40,320,14.0,18.0,MM,MM,7.3,266,1010.3,MM,MM,6.6,MM,MM,MM
46080,57.947,-150.042,2022,11,10,07,50,MM,MM,MM,2.9,8,MM,MM,1000.3,+2.4,6.0,6.4,6.0,MM,MM
46081,60.802,-148.283,2022,11,10,07,50,30,6.0,6.0,0.3,2,MM,MM,1005.3,+0.9,4.0,MM,3.2,MM,MM
46082,59.670,-143.353,2022,11,10,07,50,110,18.0,24.0,5.6,10,MM,MM,MM,MM,3.9,MM,3.4,MM,MM
46083,58.270,-138.019,2022,11,10,07,50,MM,17.0,20.0,4.7,11,MM,MM,1009.1,-1.7,3.5,8.5,MM,MM,MM
46084,56.622,-136.102,2022,11,10,08,40,130,18.0,23.0,MM,MM,6.8,156,1011.7,MM,4.2,8.5,2.7,MM,MM
46086,32.499,-118.052,2022,11,10,08,40,350,5.0,7.0,MM,MM,7.0,302,1019.3,MM,15.0,17.4,8.9,MM,MM
46087,48.493,-124.727,2022,11,10,08,40,60,2.0,3.0,MM,MM,4.9,279,1025.5,MM,6.6,9.0,3.2,MM,MM
46088,48.332,-123.179,2022,11,10,08,40,180,3.0,4.0,0.2,MM,3.4,MM,1027.0,MM,6.9,9.2,3.2,MM,MM
46089,45.936,-125.793,2022,11,10,08,50,290,1.0,2.0,0.9,8,6.1,313,1026.9,MM,10.3,13.3,MM,MM,MM
46092,36.751,-122.029,2022,11,10,08,08,MM,0.0,MM,MM,MM,MM,MM,1023.7,+0.3,10.4,12.9,MM,MM,MM
46096,46.173,-124.127,2022,11,10,07,30,MM,MM,MM,MM,MM,MM,MM,MM,MM,MM,11.1,MM,MM,MM
46098,44.378,-124.947,2022,11,10,06,40,190,3.0,MM,MM,MM,MM,MM,1025.2,MM,10.4,12.3,MM,MM,MM
46100,46.851,-124.964,2022,11,10,07,20,90,1.0,MM,0.8,MM,MM,292,1024.8,MM,9.0,11.1,MM,MM,MM
46108,59.596,-151.829,2022,11,10,08,30,MM,MM,MM,0.4,5,3.3,288,MM,MM,MM,6.8,MM,MM,MM
46114,36.700,-122.343,2022,11,10,08,26,MM,MM,MM,2.1,11,8.4,307,MM,MM,MM,14.3,MM,MM,MM
46120,47.761,-122.397,2022,11,10,07,20,MM,MM,MM,MM,MM,MM,MM,MM,MM,4.2,MM,0.5,MM,MM
46128,43.292,-124.538,2022,11,10,08,00,MM,MM,MM,MM,MM,MM,MM,MM,MM,MM,10.9,MM,MM,MM
46131,49.910,-124.980,2022,11,10,08,00,350,5.0,6.0,0.1,2,MM,MM,1027.1,+2.3,4.4,8.7,MM,MM,MM
46132,49.780,-127.890,2022,11,10,08,00,130,6.0,8.0,0.6,7,MM,MM,1024.0,+0.5,8.1,8.8,MM,MM,MM
46145,54.370,-132.420,2022,11,10,08,00,130,10.0,13.0,1.3,11,MM,MM,1018.5,-0.7,5.6,8.5,MM,MM,MM
46146,49.340,-123.730,2022,11,10,08,00,100,6.0,7.0,0.4,3,MM,MM,1026.9,+1.9,12.5,9.0,MM,MM,MM
46147,51.830,-131.220,2022,11,10,08,00,140,9.0,11.0,1.1,10,MM,MM,1019.8,-0.7,7.6,9.0,MM,MM,MM
46181,53.830,-128.830,2022,11,10,08,00,20,8.0,10.0,0.3,3,MM,MM,1026.5,+0.7,-3.2,5.7,MM,MM,MM
46183,53.620,-131.100,2022,11,10,08,00,140,11.0,14.0,MM,MM,MM,MM,1020.3,-0.6,4.8,8.6,MM,MM,MM
46185,52.420,-129.790,2022,11,10,08,00,130,9.0,11.0,0.6,3,MM,MM,1022.0,-0.5,5.3,9.3,MM,MM,MM
46204,51.380,-128.770,2022,11,10,08,00,110,7.0,8.0,0.6,9,MM,MM,1023.3,+0.1,5.7,9.4,MM,MM,MM
46205,54.180,-134.320,2022,11,10,08,00,120,14.0,18.0,3.7,7,MM,MM,1014.5,-0.7,8.1,9.8,MM,MM,MM
46206,48.840,-126.000,2022,11,10,08,00,60,1.0,2.0,0.9,6,MM,MM,1025.5,+1.3,7.4,9.6,MM,MM,MM
46208,52.520,-132.690,2022,11,10,08,00,110,12.0,14.0,2.3,10,MM,MM,1017.4,-1.0,8.1,10.0,MM,MM,MM
46211,46.857,-124.244,2022,11,10,08,26,MM,MM,MM,0.7,11,5.2,269,MM,MM,MM,10.2,MM,MM,MM
46213,40.295,-124.732,2022,11,10,08,26,MM,MM,MM,1.8,9,7.4,319,MM,MM,MM,13.5,MM,MM,MM
46214,37.937,-123.463,2022,11,10,08,26,MM,MM,MM,2.2,11,7.8,320,MM,MM,MM,15.1,MM,MM,MM
46215,35.204,-120.859,2022,11,10,08,26,MM,MM,MM,1.8,10,8.1,286,MM,MM,MM,12.4,MM,MM,MM
46218,34.452,-120.780,2022,11,10,08,26,MM,MM,MM,2.9,11,8.0,307,MM,MM,MM,13.6,MM,MM,MM
46219,33.219,-119.872,2022,11,10,08,26,MM,MM,MM,2.9,13,8.2,307,MM,MM,MM,14.9,MM,MM,MM
46221,33.860,-118.641,2022,11,10,08,26,MM,MM,MM,1.2,13,6.2,231,MM,MM,MM,16.8,MM,MM,MM
46222,33.618,-118.317,2022,11,10,08,26,MM,MM,MM,1.2,13,MM,MM,MM,MM,MM,17.0,MM,MM,MM
46224,33.178,-117.472,2022,11,10,08,26,MM,MM,MM,1.0,13,5.7,204,MM,MM,MM,17.9,MM,MM,MM
46225,32.933,-117.391,2022,11,10,08,26,MM,MM,MM,1.4,13,7.0,253,MM,MM,MM,17.8,MM,MM,MM
46229,43.772,-124.549,2022,11,10,08,26,MM,MM,MM,1.4,9,6.6,315,MM,MM,MM,11.9,MM,MM,MM
46232,32.517,-117.425,2022,11,10,08,26,MM,MM,MM,1.6,13,7.3,250,MM,MM,MM,18.2,MM,MM,MM
46235,32.570,-117.169,2022,11,10,08,26,MM,MM,MM,1.5,13,MM,MM,MM,MM,MM,16.4,MM,MM,MM
46237,37.788,-122.634,2022,11,10,08,30,MM,MM,MM,1.3,12,7.5,266,MM,MM,MM,13.2,MM,MM,MM
46239,36.335,-122.104,2022,11,10,08,26,MM,MM,MM,2.1,12,8.1,315,MM,MM,MM,12.5,MM,MM,MM
46240,36.626,-121.907,2022,11,10,08,26,MM,MM,MM,0.8,11,8.5,345,MM,MM,MM,13.0,MM,MM,MM
46243,46.216,-124.128,2022,11,10,08,26,MM,MM,MM,0.8,6,4.9,305,MM,MM,MM,10.8,MM,MM,MM
46244,40.896,-124.357,2022,11,10,08,26,MM,MM,MM,1.9,9,7.5,323,MM,MM,MM,11.5,MM,MM,MM
46246,50.033,-145.205,2022,11,10,08,26,MM,MM,MM,3.2,11,7.4,281,MM,MM,MM,9.1,MM,MM,MM
46248,46.133,-124.640,2022,11,10,08,26,MM,MM,MM,1.0,13,5.9,206,MM,MM,MM,11.8,MM,MM,MM
46251,33.769,-119.565,2022,11,10,08,26,MM,MM,MM,1.5,11,7.0,269,MM,MM,MM,15.8,MM,MM,MM
46253,33.576,-118.181,2022,11,10,08,26,MM,MM,MM,1.2,12,7.3,268,MM,MM,MM,17.4,MM,MM,MM
46254,32.868,-117.267,2022,11,10,08,26,MM,MM,MM,1.1,10,6.1,280,MM,MM,MM,17.8,MM,MM,MM
46256,33.700,-118.201,2022,11,10,08,26,MM,MM,MM,0.9,13,6.9,207,MM,MM,MM,16.4,MM,MM,MM
46258,32.749,-117.502,2022,11,10,08,26,MM,MM,MM,1.5,12,7.7,263,MM,MM,MM,18.3,MM,MM,MM
46259,34.767,-121.498,2022,11,10,08,26,MM,MM,MM,2.7,12,8.4,310,MM,MM,MM,12.6,MM,MM,MM
46266,32.957,-117.279,2022,11,10,08,30,MM,MM,MM,1.3,13,6.9,266,MM,MM,11.7,17.3,MM,MM,MM
46267,48.173,-123.607,2022,11,10,08,00,MM,MM,MM,0.3,8,5.5,284,MM,MM,5.3,8.8,MM,MM,MM
46268,34.022,-118.578,2022,11,10,08,30,MM,MM,MM,0.9,6,5.8,242,MM,MM,12.6,15.7,MM,MM,MM
46269,36.934,-122.034,2022,11,10,08,30,MM,MM,MM,1.2,10,7.0,245,MM,MM,MM,12.9,MM,MM,MM
46274,33.062,-117.314,2022,11,10,08,26,MM,MM,MM,1.1,13,6.5,250,MM,MM,11.1,18.0,MM,MM,MM
46275,33.290,-117.500,2022,11,10,08,26,MM,MM,MM,1.0,13,6.6,212,MM,MM,MM,17.4,MM,MM,MM
46303,49.020,-123.430,2022,11,10,08,00,80,8.0,9.0,0.4,3,MM,MM,1026.6,+1.8,4.3,8.0,MM,MM,MM
46304,49.300,-123.360,2022,11,10,09,00,30,7.0,9.0,0.2,2,MM,MM,1027.7,+1.6,4.2,8.7,MM,MM,MM
51000,23.528,-153.792,2022,11,10,08,40,80,4.0,5.0,MM,MM,6.9,40,1019.7,MM,24.5,26.2,17.9,MM,MM
51001,24.451,-162.008,2022,11,10,08,40,60,7.0,8.0,MM,MM,6.2,91,1021.4,MM,25.1,26.3,19.5,MM,MM
51002,17.042,-157.746,2022,11,10,08,40,70,10.0,12.0,2.3,MM,5.7,79,1017.5,MM,26.3,27.1,22.6,MM,MM
51003,19.196,-160.639,2022,11,10,08,40,70,8.0,10.0,2.0,MM,5.8,85,1019.3,MM,26.6,MM,21.4,MM,MM
51004,17.538,-152.230,2022,11,10,08,40,60,8.0,10.0,MM,MM,6.7,44,1015.8,MM,25.7,26.5,19.6,MM,MM
51101,24.359,-162.081,2022,11,10,08,40,50,7.0,9.0,MM,MM,5.9,86,1022.1,MM,25.2,26.2,21.5,MM,MM
51201,21.671,-158.117,2022,11,10,08,26,MM,MM,MM,1.3,13,6.9,21,MM,MM,MM,26.9,MM,MM,MM
51202,21.417,-157.680,2022,11,10,08,26,MM,MM,MM,1.8,8,6.1,69,MM,MM,MM,26.5,MM,MM,MM
51206,19.779,-154.970,2022,11,10,08,45,MM,MM,MM,2.0,13,6.7,16,MM,MM,MM,26.7,MM,MM,MM
51207,21.477,-157.752,2022,11,10,08,26,MM,MM,MM,1.5,8,5.9,62,MM,MM,MM,26.3,MM,MM,MM
51208,22.285,-159.574,2022,11,10,08,26,MM,MM,MM,1.6,8,6.1,75,MM,MM,MM,26.5,MM,MM,MM
51209,-14.273,-170.500,2022,11,10,08,26,MM,MM,MM,2.1,8,7.3,119,MM,MM,MM,28.1,MM,MM,MM
51211,21.297,-157.959,2022,11,10,08,30,MM,MM,MM,0.7,7,5.0,145,MM,MM,25.3,26.5,MM,MM,MM
51212,21.323,-158.149,2022,11,10,08,30,MM,MM,MM,0.6,18,5.9,214,MM,MM,MM,26.9,MM,MM,MM
51213,20.750,-157.003,2022,11,10,08,28,MM,MM,MM,0.6,8,5.2,179,MM,MM,MM,26.9,MM,MM,MM
51WH0,23.000,-158.000,2022,11,10,08,30,70,6.0,MM,MM,MM,MM,MM,1020.5,MM,24.9,26.1,17.8,MM,MM
52200,13.354,144.788,2022,11,10,08,26,MM,MM,MM,1.5,14,5.9,56,MM,MM,MM,29.9,MM,MM,MM
52202,13.682,144.806,2022,11,10,08,26,MM,MM,MM,1.8,14,6.3,35,MM,MM,MM,29.8,MM,MM,MM
52211,15.268,145.662,2022,11,10,08,26,MM,MM,MM,1.7,12,5.7,38,MM,MM,MM,29.7,MM,MM,MM
52212,7.630,134.671,2022,11,10,08,30,MM,MM,MM,1.7,14,6.6,34,MM,MM,29.2,30.0,MM,MM,MM
62029,48.720,-12.430,2022,11,10,08,00,200,12.9,MM,MM,MM,MM,MM,1010.6,MM,15.5,14.9,14.0,MM,MM
62030,50.250,-4.217,2022,11,10,08,00,MM,MM,MM,MM,MM,MM,MM,1019.2,MM,14.4,MM,11.7,MM,MM
62050,50.000,-4.400,2022,11,10,08,00,220,9.3,MM,MM,MM,MM,MM,1019.3,MM,14.3,MM,12.1,MM,MM
62081,51.000,-13.550,2022,11,10,08,00,210,16.5,MM,MM,MM,MM,MM,1002.0,MM,15.3,13.5,12.9,MM,MM
62103,49.900,-2.900,2022,11,10,08,00,220,9.3,MM,MM,MM,MM,MM,1019.9,MM,13.8,14.6,11.2,MM,MM
62105,55.410,-11.810,2022,11,10,08,00,220,17.0,MM,MM,MM,MM,MM,988.4,MM,13.7,12.8,12.9,MM,MM
62114,58.300,0.000,2022,11,10,08,00,220,17.0,MM,MM,MM,MM,MM,997.0,+1.0,12.3,MM,MM,MM,MM
62121,53.500,2.700,2022,11,10,08,00,230,13.4,MM,MM,MM,MM,MM,1015.8,+1.2,12.2,MM,9.5,MM,MM
62124,53.600,-3.600,2022,11,10,08,00,240,MM,MM,MM,MM,MM,MM,1009.5,+1.0,14.0,MM,12.1,MM,MM
62130,58.700,1.300,2022,11,10,08,00,220,MM,MM,2.9,MM,MM,MM,997.5,+0.6,12.0,MM,9.8,5,MM
62144,53.400,1.700,2022,11,10,08,00,210,13.4,MM,1.6,MM,4,MM,1014.9,+0.9,12.1,MM,9.2,11,MM
62145,53.102,2.800,2022,11,10,08,00,240,13.9,MM,1.9,MM,5,MM,1016.5,+1.4,12.4,MM,9.8,11,MM
62146,57.200,2.100,2022,11,10,08,00,190,12.9,MM,2.6,MM,6,MM,1002.6,+0.9,11.7,MM,10.4,5,MM
62148,53.600,1.500,2022,11,10,08,00,200,12.4,MM,MM,MM,MM,MM,1014.3,+1.2,12.2,MM,10.0,MM,MM
62149,53.700,1.100,2022,11,10,08,00,210,14.4,MM,1.9,MM,5,MM,1013.7,+1.0,12.4,MM,MM,11,MM
62163,47.550,-8.470,2022,11,10,08,00,200,10.3,MM,MM,MM,MM,MM,1019.4,MM,15.3,14.8,12.3,MM,MM
62164,57.200,0.800,2022,11,10,08,00,210,9.3,MM,MM,MM,MM,MM,1002.2,+1.4,13.4,MM,11.4,5,MM
62165,54.000,1.100,2022,11,10,08,00,210,12.9,MM,2.0,MM,5,MM,1011.9,+1.0,11.6,MM,9.7,11,MM
62170,51.240,2.000,2022,11,10,08,00,240,12.9,MM,0.7,MM,5,MM,1020.5,MM,15.3,15.6,11.2,11,MM
62304,51.102,1.800,2022,11,10,08,00,220,12.4,MM,0.8,MM,7,MM,1020.5,MM,15.3,15.5,11.3,5,MM
62305,50.400,0.000,2022,11,10,08,00,220,11.3,MM,1.1,MM,6,MM,1021.6,MM,14.7,15.6,11.7,5,MM
62442,49.000,-16.500,2022,11,10,08,00,200,18.0,MM,MM,MM,MM,MM,1001.1,MM,10.9,14.5,-4.3,MM,MM
63110,59.500,1.500,2022,11,10,08,00,210,12.9,MM,3.2,MM,6,MM,994.9,MM,11.9,MM,11.0,5,MM
63112,61.100,1.000,2022,11,10,08,00,180,14.4,MM,3.1,MM,6,MM,990.4,-1.3,11.1,MM,9.9,MM,MM
63115,61.600,1.300,2022,11,10,08,00,170,13.4,MM,3.6,MM,7,MM,989.2,-2.6,11.3,MM,10.1,2,MM
63117,61.400,1.100,2022,11,10,08,00,190,14.9,MM,MM,MM,MM,MM,991.7,-1.4,MM,MM,MM,5,MM
64045,59.150,-11.790,2022,11,10,08,00,250,11.8,MM,MM,MM,MM,MM,979.2,MM,11.0,10.9,7.4,MM,MM
64046,60.483,-4.167,2022,11,10,08,00,210,17.0,MM,MM,MM,MM,MM,981.7,MM,12.2,10.0,10.9,MM,MM
AAMC1,37.772,-122.300,2022,11,10,08,30,360,1.0,1.0,MM,MM,MM,MM,1025.4,MM,10.4,14.0,MM,MM,MM
ACXS1,32.559,-80.454,2022,11,10,07,45,350,2.6,MM,MM,MM,MM,MM,1020.0,MM,17.0,MM,13.6,MM,MM
ACYN4,39.357,-74.418,2022,11,10,08,30,MM,MM,MM,MM,MM,MM,MM,1029.7,MM,10.4,14.9,MM,MM,MM
ADKA2,51.861,-176.637,2022,11,10,08,30,130,13.9,19.0,MM,MM,MM,MM,976.4,MM,9.2,6.4,MM,MM,MM
AGCM4,42.621,-82.527,2022,11,10,08,30,MM,MM,MM,MM,MM,MM,MM,1021.0,MM,12.6,11.7,MM,MM,MM
AGXC1,33.716,-118.246,2022,11,10,07,24,330,2.1,2.6,MM,MM,MM,MM,1018.2,MM,12.9,MM,MM,MM,MM
AKXA2,54.132,-165.782,2022,11,10,08,54,160,5.1,9.8,MM,MM,MM,MM,1010.2,MM,5.9,MM,2.6,MM,MM
ALIA2,56.898,-154.247,2022,11,10,08,30,310,6.7,10.8,MM,MM,MM,MM,1009.8,MM,2.4,5.6,MM,MM,MM
ALXN6,44.331,-75.934,2022,11,10,08,30,MM,MM,MM,MM,MM,MM,MM,1023.4,MM,MM,12.5,MM,MM,MM
AMRL1,29.450,-91.338,2022,11,10,08,30,50,1.5,2.6,MM,MM,MM,MM,1016.5,MM,16.9,23.4,MM,MM,MM
ANMN6,42.018,-73.917,2022,11,10,08,30,170,2.1,MM,MM,MM,MM,MM,1028.0,MM,7.5,MM,2.2,MM,MM
ANPT2,27.837,-97.039,2022,11,10,08,30,110,4.1,4.6,MM,MM,MM,MM,1013.3,MM,24.4,MM,MM,MM,MM
ANTA2,61.238,-149.890,2022,11,10,08,30,20,2.6,3.1,MM,MM,MM,MM,1005.3,MM,0.2,-0.4,MM,MM,MM
ANVC1,38.915,-123.711,2022,11,10,08,30,80,2.6,2.6,MM,MM,MM,MM,1025.3,MM,7.7,11.2,MM,MM,MM
APAM2,38.983,-76.479,2022,11,10,08,30,300,1.0,2.1,MM,MM,MM,MM,1030.3,MM,10.4,17.4,MM,MM,MM
APCF1,29.724,-84.980,2022,11,10,08,30,20,7.2,8.8,MM,MM,MM,MM,1013.4,MM,17.8,22.2,MM,MM,MM
APMA2,61.239,-149.889,2022,11,10,08,54,MM,2.1,3.6,MM,MM,MM,MM,MM,MM,0.3,MM,-1.8,MM,MM
APNM4,45.060,-83.424,2022,11,10,08,50,240,5.1,6.2,MM,MM,MM,MM,MM,MM,15.3,MM,MM,MM,MM
APRP7,13.444,144.657,2022,11,10,08,30,60,1.5,3.1,MM,MM,MM,MM,1010.0,MM,27.7,29.2,MM,MM,MM
APXF1,29.769,-84.881,2022,11,10,07,45,20,6.7,MM,MM,MM,MM,MM,1016.0,MM,17.5,MM,12.5,MM,MM
ARPF1,28.433,-82.667,2022,11,10,06,54,50,2.1,5.1,MM,MM,MM,MM,1006.9,MM,19.0,MM,MM,MM,MM
ASBO1,41.918,-80.796,2022,11,10,08,50,160,4.1,6.7,MM,MM,MM,MM,MM,MM,MM,MM,MM,MM,MM
ASTO3,46.207,-123.768,2022,11,10,08,30,180,0.5,1.5,MM,MM,MM,MM,1026.6,MM,5.0,11.6,MM,MM,MM
ATGM1,44.392,-68.204,2022,11,10,08,30,260,6.7,12.4,MM,MM,MM,MM,1023.0,MM,10.4,MM,MM,MM,MM
ATKA2,52.232,-174.173,2022,11,10,08,30,150,13.9,18.0,MM,MM,MM,MM,986.0,MM,7.2,7.0,MM,MM,MM
AUGA2,59.378,-153.348,2022,11,10,08,30,270,9.3,13.4,MM,MM,MM,MM,MM,MM,2.3,MM,MM,MM,MM
AWRT2,28.227,-96.796,2022,11,10,08,30,130,3.6,4.1,MM,MM,MM,MM,1013.5,MM,24.2,25.6,MM,MM,MM
BABT2,27.297,-97.405,2022,11,10,08,30,110,3.6,4.6,MM,MM,MM,MM,1014.2,MM,24.0,26.3,MM,MM,MM
BARA9,17.591,-61.821,2022,11,10,08,30,MM,MM,MM,MM,MM,MM,MM,1011.7,MM,25.1,MM,MM,MM,MM
BATN6,40.701,-74.014,2022,11,10,08,30,MM,MM,MM,MM,MM,MM,MM,1030.8,MM,8.8,15.4,MM,MM,MM
BAXC1,33.766,-118.240,2022,11,10,07,18,80,0.5,1.0,MM,MM,MM,MM,MM,MM,MM,MM,MM,MM,MM
BBNF1,25.601,-80.306,2022,11,10,08,00,MM,MM,MM,MM,MM,MM,MM,MM,MM,MM,24.5,MM,MM,MM
BBSF1,25.472,-80.349,2022,11,10,08,00,MM,MM,MM,MM,MM,MM,MM,MM,MM,MM,24.3,MM,MM,MM
BDRN4,40.082,-74.870,2022,11,10,08,36,350,1.0,1.0,MM,MM,MM,MM,1030.5,MM,5.4,13.7,MM,MM,MM
BDSP1,39.980,-75.079,2022,11,10,08,30,MM,MM,MM,MM,MM,MM,MM,1030.6,MM,7.8,14.4,MM,MM,MM
BDVF1,25.478,-80.989,2022,11,10,08,00,MM,MM,MM,MM,MM,MM,MM,MM,MM,MM,24.3,MM,MM,0.58
BDXC1,38.317,-123.071,2022,11,10,07,00,MM,MM,MM,MM,MM,MM,MM,MM,MM,MM,11.5,MM,MM,MM
BEXA2,60.791,-161.749,2022,11,10,08,54,250,3.1,4.1,MM,MM,MM,MM,MM,MM,-1.2,MM,-2.5,MM,MM
BFTN7,34.717,-76.671,2022,11,10,08,30,20,3.1,4.1,MM,MM,MM,MM,1022.5,MM,17.8,18.2,MM,MM,MM
BGNN6,40.639,-74.146,2022,11,10,08,30,MM,MM,MM,MM,MM,MM,MM,1030.3,MM,6.2,14.8,MM,MM,MM
BGXN3,43.059,-70.830,2022,11,10,07,45,220,2.1,MM,MM,MM,MM,MM,1029.0,MM,3.6,MM,1.2,MM,MM
BHBM3,42.355,-71.050,2022,11,10,08,30,MM,MM,MM,MM,MM,MM,MM,1028.5,MM,7.9,MM,MM,MM,MM
BHRI3,41.646,-87.147,2022,11,10,08,40,180,4.1,5.1,MM,MM,MM,MM,1018.6,MM,15.9,MM,MM,MM,MM
BIGM4,46.827,-87.727,2022,11,10,08,40,250,0.5,2.6,MM,MM,MM,MM,1009.5,MM,8.7,MM,MM,MM,MM
BISM2,38.220,-76.039,2022,11,10,08,30,20,3.6,5.1,MM,MM,MM,MM,1029.5,MM,11.0,14.1,MM,MM,MM
BKBF1,30.192,-81.692,2022,11,10,08,30,20,6.7,11.3,MM,MM,MM,MM,1008.7,MM,19.6,MM,MM,MM,MM
BKTL1,30.190,-93.301,2022,11,10,08,30,MM,MM,MM,MM,MM,MM,MM,MM,MM,MM,25.8,MM,MM,MM
BKYF1,25.119,-80.834,2022,11,10,08,00,MM,MM,MM,MM,MM,MM,MM,MM,MM,MM,23.2,MM,MM,0.53
BLIA2,60.839,-146.884,2022,11,10,08,30,40,5.7,6.2,MM,MM,MM,MM,1005.3,MM,4.6,MM,MM,MM,MM
BLTA2,58.455,-135.889,2022,11,10,07,26,80,1.5,2.6,MM,MM,MM,MM,MM,MM,-0.4,MM,-1.5,MM,MM
BLTM2,39.267,-76.579,2022,11,10,08,30,30,1.5,2.6,MM,MM,MM,MM,1030.1,MM,9.3,15.3,MM,MM,MM
BLTM3,41.704,-71.174,2022,11,10,08,30,240,6.2,7.2,MM,MM,MM,MM,1029.8,MM,11.0,MM,MM,MM,MM
BMTW1,47.562,-122.626,2022,11,10,08,30,MM,MM,MM,MM,MM,MM,MM,1027.9,MM,2.7,MM,MM,MM,MM
BNKF1,25.087,-80.519,2022,11,10,08,00,MM,MM,MM,MM,MM,MM,MM,MM,MM,MM,24.2,MM,MM,0.68
BOBF1,25.027,-80.681,2022,11,10,08,00,MM,MM,MM,MM,MM,MM,MM,MM,MM,MM,24.5,MM,MM,0.66
BRHC3,41.174,-73.181,2022,11,10,08,30,330,1.0,1.5,MM,MM,MM,MM,1029.6,MM,6.5,15.5,MM,MM,MM
BRND1,38.987,-75.113,2022,11,10,08,30,40,5.1,5.1,MM,MM,MM,MM,1030.6,MM,MM,MM,MM,MM,MM
BSBM4,44.055,-86.514,2022,11,10,08,40,170,8.8,11.8,MM,MM,MM,MM,1016.6,MM,13.6,MM,MM,MM,MM
BSLM2,38.781,-76.708,2022,11,10,08,30,40,1.0,MM,MM,MM,MM,MM,1030.0,MM,4.3,MM,4.2,MM,MM
BUFN6,42.878,-78.890,2022,11,10,08,30,190,5.1,6.7,MM,MM,MM,MM,1021.7,MM,12.9,12.4,1.4,MM,MM
BURL1,28.905,-89.428,2022,11,10,08,00,MM,8.8,10.3,MM,MM,MM,MM,MM,MM,MM,MM,MM,MM,MM
BUZM3,41.397,-71.033,2022,11,10,08,00,220,9.8,10.8,MM,MM,MM,MM,1030.3,-2.9,11.9,MM,MM,MM,MM
BWSF1,25.178,-80.438,2022,11,10,07,00,MM,MM,MM,MM,MM,MM,MM,MM,MM,MM,24.8,MM,MM,0.90
BYGL1,29.789,-90.420,2022,11,10,08,30,MM,MM,MM,MM,MM,MM,MM,1016.5,MM,15.2,23.2,MM,MM,MM
BZBM3,41.524,-70.671,2022,11,10,08,30,MM,MM,MM,MM,MM,MM,MM,1027.8,MM,12.0,14.4,MM,MM,MM
BZST2,26.067,-97.155,2022,11,10,08,30,140,6.2,7.2,MM,MM,MM,MM,1012.5,MM,25.3,27.6,MM,MM,MM
CAMM2,38.574,-76.069,2022,11,10,08,30,50,2.1,2.6,MM,MM,MM,MM,1030.0,MM,10.7,14.9,MM,MM,MM
CANF1,25.422,-80.942,2022,11,10,08,00,MM,MM,MM,MM,MM,MM,MM,MM,MM,MM,24.4,MM,MM,0.94
CAPL1,29.768,-93.343,2022,11,10,08,30,140,5.7,7.2,MM,MM,MM,MM,1016.2,MM,22.1,23.9,MM,MM,MM
CARL1,29.933,-90.135,2022,11,10,08,30,MM,MM,MM,MM,MM,MM,MM,MM,MM,MM,20.7,MM,MM,MM
CASM1,43.656,-70.246,2022,11,10,08,30,MM,MM,MM,MM,MM,MM,MM,1024.6,MM,5.7,11.9,MM,MM,MM
CBLO1,41.981,-80.556,2022,11,10,08,00,170,4.6,6.2,MM,MM,MM,MM,MM,MM,MM,MM,MM,MM,MM
CBRW3,45.198,-87.360,2022,11,10,08,40,140,4.1,7.2,MM,MM,MM,MM,MM,MM,15.3,MM,MM,MM,MM
CDEA2,56.001,-134.136,2022,11,10,08,22,90,12.4,14.9,MM,MM,MM,MM,1017.8,MM,1.9,MM,-0.4,MM,MM
CDRF1,29.136,-83.029,2022,11,10,08,00,20,6.2,9.8,MM,MM,MM,MM,1008.3,-4.1,18.1,MM,17.4,MM,MM
CDXA2,56.001,-134.136,2022,11,10,08,52,80,14.4,17.0,MM,MM,MM,MM,MM,MM,-0.1,MM,MM,MM,MM
CECC1,41.746,-124.184,2022,11,10,08,30,40,1.5,1.5,MM,MM,MM,MM,1026.9,MM,4.7,10.7,MM,MM,MM
CFWM1,44.657,-67.205,2022,11,10,08,30,250,5.1,10.3,MM,MM,MM,MM,1023.6,MM,10.4,11.5,MM,MM,MM
CHAO3,43.351,-124.337,2022,11,10,08,36,150,2.1,3.6,MM,MM,MM,MM,1027.5,MM,MM,MM,MM,MM,MM
CHAV3,18.335,-64.920,2022,11,10,08,30,70,1.5,2.6,MM,MM,MM,MM,1011.8,MM,26.2,28.7,MM,MM,MM
CHBV2,37.032,-76.083,2022,11,10,08,30,50,6.7,7.2,MM,MM,MM,MM,1026.8,MM,16.0,MM,MM,MM,MM
CHCM2,39.527,-75.810,2022,11,10,08,30,MM,0.0,0.5,MM,MM,MM,MM,1031.0,MM,5.3,15.0,MM,MM,MM
CHII2,41.916,-87.572,2022,11,10,08,50,200,10.3,10.8,MM,MM,MM,MM,MM,MM,18.2,MM,5.6,MM,MM
CHSV3,17.748,-64.699,2022,11,10,08,30,100,0.5,1.5,MM,MM,MM,MM,1011.2,MM,MM,28.5,MM,MM,MM
CHTM3,41.688,-69.950,2022,11,10,08,30,230,4.1,6.7,MM,MM,MM,MM,1029.5,MM,11.6,11.4,MM,MM,MM
CHTS1,32.781,-79.924,2022,11,10,08,30,20,9.3,12.9,MM,MM,MM,MM,1016.9,MM,17.8,20.1,MM,MM,MM
CHYV2,36.926,-76.007,2022,11,10,08,30,50,10.3,12.4,MM,MM,MM,MM,1027.6,MM,16.6,MM,MM,MM,MM
CHYW1,48.863,-122.759,2022,11,10,08,30,MM,MM,MM,MM,MM,MM,MM,1027.1,MM,MM,MM,MM,MM,MM
CLBP4,18.301,-65.302,2022,11,10,08,30,MM,MM,MM,MM,MM,MM,MM,1011.5,MM,26.1,28.8,MM,MM,MM
CLKN7,34.622,-76.525,2022,11,10,08,00,90,10.8,12.9,MM,MM,MM,MM,1023.6,-1.3,21.4,MM,MM,MM,MM
CLSM4,42.471,-82.877,2022,11,10,08,00,200,2.6,3.6,MM,MM,MM,MM,1022.0,-0.7,13.8,MM,MM,MM,MM
CMAN4,38.968,-74.960,2022,11,10,08,30,MM,0.0,1.0,MM,MM,MM,MM,1030.0,MM,8.0,MM,MM,MM,MM
CMPO1,41.547,-83.015,2022,11,10,07,30,210,6.2,8.2,MM,MM,MM,MM,MM,MM,14.2,MM,MM,MM,MM
CMTI2,41.730,-87.538,2022,11,10,08,30,170,5.7,7.2,MM,MM,MM,MM,1017.4,MM,17.1,MM,5.1,MM,MM
CNBF1,25.702,-81.186,2022,11,10,08,00,MM,MM,MM,MM,MM,MM,MM,MM,MM,MM,24.0,MM,MM,0.79
CNDO1,41.542,-81.637,2022,11,10,08,30,150,1.5,3.6,MM,MM,MM,MM,1022.7,MM,13.6,16.0,-6.5,MM,MM
CNII2,41.856,-87.609,2022,11,10,09,00,200,4.6,6.7,MM,MM,MM,MM,MM,MM,17.9,MM,3.8,MM,MM
COVM2,38.402,-76.385,2022,11,10,08,30,20,3.1,4.1,MM,MM,MM,MM,1030.3,MM,12.0,MM,MM,MM,MM
CPMW1,48.860,-122.756,2022,11,10,08,30,60,5.1,7.7,MM,MM,MM,MM,MM,MM,2.0,MM,MM,MM,MM
CPNW1,48.863,-122.758,2022,11,10,08,30,60,5.7,6.2,MM,MM,MM,MM,MM,MM,1.9,MM,MM,MM,MM
CPTR1,41.717,-71.345,2022,11,10,08,30,280,4.1,5.1,MM,MM,MM,MM,1029.4,MM,8.4,14.4,MM,MM,MM
CPVM2,38.995,-76.388,2022,11,10,08,30,MM,MM,MM,MM,MM,MM,MM,MM,MM,11.6,MM,9.1,5.9,MM
CPXA2,53.843,-166.583,2022,11,10,08,54,150,4.1,9.3,MM,MM,MM,MM,MM,MM,6.1,MM,1.5,MM,MM
CRGA2,55.474,-133.136,2022,11,10,08,24,150,7.7,13.4,MM,MM,MM,MM,1018.0,MM,1.8,MM,-4.3,MM,MM
CRTA1,30.308,-88.140,2022,11,10,07,00,MM,MM,MM,MM,MM,MM,MM,1017.3,-2.4,18.8,MM,MM,MM,MM
CRVA2,60.558,-145.752,2022,11,10,08,30,10,3.1,8.2,MM,MM,MM,MM,1004.3,MM,4.7,7.5,MM,MM,MM
CRYV2,36.888,-76.338,2022,11,10,08,30,40,6.7,8.2,MM,MM,MM,MM,1027.5,MM,16.0,MM,MM,MM,MM
CSPA2,58.199,-136.640,2022,11,10,08,10,MM,0.0,1.0,MM,MM,MM,MM,1013.7,MM,0.4,MM,-0.3,MM,MM
CWAF1,25.297,-81.013,2022,11,10,07,00,MM,MM,MM,MM,MM,MM,MM,MM,MM,MM,24.0,MM,MM,0.72
CWBF1,27.978,-82.832,2022,11,10,08,30,360,16.5,19.0,MM,MM,MM,MM,1004.2,MM,20.3,22.9,MM,MM,MM
CWCI,47.334,-85.833,2022,11,10,08,00,100,5.7,MM,MM,MM,MM,MM,1011.7,MM,7.0,MM,6.8,MM,MM
DBLN6,42.494,-79.354,2022,11,10,08,00,180,3.1,5.1,MM,MM,MM,MM,1023.8,+0.0,12.4,MM,MM,MM,MM
DELD1,39.582,-75.589,2022,11,10,08,30,40,2.1,2.6,MM,MM,MM,MM,1030.7,MM,9.5,15.2,MM,MM,MM
DESW1,47.675,-124.485,2022,11,10,08,00,60,3.6,4.1,MM,MM,MM,MM,1025.6,+1.4,MM,MM,MM,MM,MM
DHXA2,70.222,-148.419,2022,11,10,08,54,220,10.3,12.9,MM,MM,MM,MM,1006.6,MM,-3.4,MM,-9.1,MM,MM
DILA1,30.250,-88.075,2022,11,10,08,30,90,9.3,11.3,MM,MM,MM,MM,1015.5,MM,18.0,21.5,MM,MM,MM
DISW3,47.079,-90.728,2022,11,10,08,00,50,12.9,13.4,MM,MM,MM,MM,1012.0,-0.8,6.3,MM,6.3,MM,MM
DKKF1,25.180,-80.490,2022,11,10,07,00,MM,MM,MM,MM,MM,MM,MM,MM,MM,MM,24.4,MM,MM,0.68
DMSF1,30.387,-81.559,2022,11,10,08,30,MM,MM,MM,MM,MM,MM,MM,MM,MM,MM,21.4,MM,MM,MM
DOMV2,36.962,-76.424,2022,11,10,08,30,50,2.6,5.1,MM,MM,MM,MM,1028.0,MM,14.9,MM,MM,MM,MM
DPHA1,30.251,-88.078,2022,11,10,06,30,MM,9.3,MM,MM,MM,MM,MM,1017.3,MM,18.8,21.6,MM,MM,MM
DPLA2,53.884,-166.531,2022,11,10,08,54,140,4.1,7.2,MM,MM,MM,MM,MM,MM,5.8,MM,1.2,MM,MM
DPOA2,53.903,-166.528,2022,11,10,08,54,120,1.5,5.1,MM,MM,MM,MM,MM,MM,6.4,MM,1.2,MM,MM
DPXA2,53.889,-166.542,2022,11,10,08,54,120,4.6,7.2,MM,MM,MM,MM,MM,MM,5.8,MM,1.1,MM,MM
DPXC1,38.056,-122.264,2022,11,10,08,30,80,2.1,2.6,MM,MM,MM,MM,1025.1,MM,10.4,MM,MM,MM,MM
DTLM4,45.993,-83.898,2022,11,10,08,30,180,3.6,5.1,MM,MM,MM,MM,1013.0,MM,11.9,10.0,11.9,MM,MM
DUKN7,36.184,-75.746,2022,11,10,08,30,60,7.7,8.8,MM,MM,MM,MM,1025.8,MM,18.6,16.6,MM,MM,MM
DULM5,46.776,-92.092,2022,11,10,08,30,40,4.6,7.2,MM,MM,MM,MM,1011.7,MM,7.3,10.9,6.5,MM,MM
EBEF1,27.923,-82.421,2022,11,10,08,30,MM,MM,MM,MM,MM,MM,MM,1001.3,MM,19.9,24.9,MM,MM,MM
EFLA1,30.429,-88.010,2022,11,10,08,30,MM,MM,MM,MM,MM,MM,MM,MM,MM,17.5,MM,11.7,5.9,MM
EINL1,29.373,-91.384,2022,11,10,08,30,50,5.7,6.2,MM,MM,MM,MM,1016.1,MM,18.9,23.7,14.1,MM,MM
ELFA2,58.193,-136.347,2022,11,10,08,30,MM,MM,MM,MM,MM,MM,MM,1015.8,MM,-0.2,6.9,MM,MM,MM
ELXC1,36.815,-121.738,2022,11,10,07,45,70,1.0,MM,MM,MM,MM,MM,1024.0,MM,5.9,MM,5.6,MM,MM
EMAT2,28.710,-95.914,2022,11,10,08,30,100,5.1,6.7,MM,MM,MM,MM,1014.0,MM,23.9,25.4,MM,MM,MM
EPTT2,29.481,-94.917,2022,11,10,08,30,140,6.2,6.7,MM,MM,MM,MM,1014.7,MM,23.4,24.6,MM,MM,MM
EREP1,42.172,-80.098,2022,11,10,08,30,200,3.6,6.2,MM,MM,MM,MM,MM,MM,MM,MM,MM,MM,MM
EROA2,58.971,-135.221,2022,11,10,08,24,MM,0.0,2.1,MM,MM,MM,MM,1019.9,MM,-1.7,MM,MM,MM,MM
ERXA2,58.971,-135.221,2022,11,10,08,52,40,1.0,2.1,MM,MM,MM,MM,MM,MM,-0.9,MM,-2.5,MM,MM
ESPP4,18.094,-65.471,2022,11,10,08,30,10,1.5,2.1,MM,MM,MM,MM,1012.3,MM,24.4,28.4,MM,MM,MM
FAIO1,41.764,-81.281,2022,11,10,08,30,MM,MM,MM,MM,MM,MM,MM,1022.7,MM,14.6,12.5,-4.8,MM,MM
FBIS1,32.685,-79.888,2022,11,10,08,00,20,10.8,13.4,MM,MM,MM,MM,1018.5,-2.2,17.9,MM,15.6,MM,MM
FFIA2,57.272,-133.630,2022,11,10,08,00,150,7.2,9.3,MM,MM,MM,MM,1017.8,-0.4,2.0,MM,MM,MM,MM
FHPF1,28.153,-82.801,2022,11,10,06,54,10,16.0,19.6,MM,MM,MM,MM,1007.0,MM,20.8,MM,18.5,MM,MM
FILA2,59.332,-151.995,2022,11,10,08,30,20,6.2,6.7,MM,MM,MM,MM,1005.6,MM,2.9,MM,1.2,MM,MM
FMOA1,30.228,-88.024,2022,11,10,08,30,70,6.7,9.3,MM,MM,MM,MM,1016.1,MM,17.3,MM,MM,MM,MM
FMRF1,26.647,-81.871,2022,11,10,08,30,300,8.8,12.4,MM,MM,MM,MM,999.1,MM,20.7,23.8,MM,MM,MM
FOXR1,41.807,-71.401,2022,11,10,08,30,200,1.5,2.1,MM,MM,MM,MM,1027.7,MM,6.5,13.6,MM,MM,MM
FPKG1,32.035,-80.903,2022,11,10,08,30,40,9.8,12.4,MM,MM,MM,MM,1016.2,MM,17.7,20.6,MM,MM,MM
FPST2,28.936,-95.294,2022,11,10,08,30,110,5.7,6.2,MM,MM,MM,MM,1013.7,MM,23.7,24.3,MM,MM,MM
FPTM4,45.619,-86.660,2022,11,10,08,40,190,9.3,11.8,MM,MM,MM,MM,MM,MM,9.7,MM,MM,MM,MM
FPXC1,37.807,-122.466,2022,11,10,07,00,MM,MM,MM,MM,MM,MM,MM,MM,MM,MM,14.3,MM,MM,MM
FRDF1,30.675,-81.465,2022,11,10,08,30,10,9.8,13.9,MM,MM,MM,MM,1010.5,MM,19.9,20.5,MM,MM,MM
FRDW1,48.545,-123.012,2022,11,10,08,36,110,2.6,3.6,MM,MM,MM,MM,1027.3,MM,5.7,9.4,MM,MM,MM
FRVM3,41.704,-71.164,2022,11,10,08,30,MM,MM,MM,MM,MM,MM,MM,1030.4,MM,10.3,14.6,MM,MM,MM
FRXM3,41.696,-71.180,2022,11,10,08,30,MM,MM,MM,MM,MM,MM,MM,MM,MM,11.0,MM,11.0,5.9,MM
FSKM2,39.219,-76.528,2022,11,10,08,30,40,3.1,3.6,MM,MM,MM,MM,1030.6,MM,MM,MM,MM,MM,MM
FSNM2,39.219,-76.525,2022,11,10,08,24,20,3.1,3.6,MM,MM,MM,MM,1030.1,MM,8.7,MM,MM,MM,MM
FTGM4,43.007,-82.422,2022,11,10,08,30,200,4.6,6.2,MM,MM,MM,MM,1019.2,MM,12.8,MM,1.2,MM,MM
FTPC1,37.806,-122.466,2022,11,10,08,30,60,3.6,4.1,MM,MM,MM,MM,1025.8,MM,11.0,14.3,MM,MM,MM
GBIF1,25.378,-81.029,2022,11,10,08,00,MM,MM,MM,MM,MM,MM,MM,MM,MM,MM,25.1,MM,MM,1.09
GBTF1,25.167,-80.801,2022,11,10,08,00,MM,MM,MM,MM,MM,MM,MM,MM,MM,MM,23.7,MM,MM,0.41
GBWW3,44.538,-88.003,2022,11,10,08,30,210,1.0,2.6,MM,MM,MM,MM,1011.9,MM,17.8,MM,MM,MM,MM
GBXA2,63.777,-171.715,2022,11,10,08,53,210,2.6,3.6,MM,MM,MM,MM,MM,MM,-0.7,MM,-3.7,MM,MM
GCTF1,27.774,-82.517,2022,11,10,08,30,MM,MM,MM,MM,MM,MM,MM,1000.8,MM,20.4,MM,18.7,5.9,MM
GDMM5,47.749,-90.341,2022,11,10,08,30,MM,MM,MM,MM,MM,MM,MM,1010.4,MM,6.1,10.4,6.1,MM,MM
GELO1,41.859,-80.975,2022,11,10,07,30,190,4.1,7.7,MM,MM,MM,MM,MM,MM,MM,MM,MM,MM,MM
GEXA2,58.213,-136.381,2022,11,10,08,53,70,10.3,14.9,MM,MM,MM,MM,MM,MM,-0.1,MM,-1.2,MM,MM
GISL1,29.265,-89.958,2022,11,10,08,30,MM,4.1,6.2,MM,MM,MM,MM,1015.7,MM,20.6,24.2,MM,MM,MM
GIXA2,55.446,-131.881,2022,11,10,08,52,110,6.2,8.8,MM,MM,MM,MM,MM,MM,2.6,MM,-4.2,MM,MM
GKYF1,24.627,-82.872,2022,11,10,08,00,MM,MM,MM,MM,MM,MM,MM,MM,MM,24.4,MM,MM,MM,MM
GNJT2,29.357,-94.725,2022,11,10,08,30,150,6.7,7.2,MM,MM,MM,MM,1014.1,MM,23.1,23.5,MM,MM,MM
GPXA2,58.062,-134.051,2022,11,10,08,53,340,1.5,3.6,MM,MM,MM,MM,1017.0,MM,-0.7,MM,-4.2,MM,MM
GRIM4,46.721,-87.412,2022,11,10,08,50,300,10.3,12.4,MM,MM,MM,MM,1009.7,MM,9.8,MM,MM,MM,MM
GRMM4,46.684,-85.972,2022,11,10,08,40,210,10.8,16.0,MM,MM,MM,MM,1011.5,MM,13.6,MM,MM,MM,MM
GRRT2,29.302,-94.896,2022,11,10,08,30,120,4.6,6.2,MM,MM,MM,MM,1014.4,MM,22.9,24.4,MM,MM,MM
GSLM4,44.018,-83.537,2022,11,10,08,40,190,1.5,3.6,MM,MM,MM,MM,1018.6,MM,12.8,MM,MM,MM,MM
GTLM4,45.211,-85.550,2022,11,10,08,40,190,3.1,5.7,MM,MM,MM,MM,1014.6,MM,15.6,MM,MM,MM,MM
GTOT2,29.311,-94.792,2022,11,10,08,30,140,3.1,4.6,MM,MM,MM,MM,1014.8,MM,23.0,24.2,MM,MM,MM
GTRM4,47.179,-88.241,2022,11,10,08,00,30,3.1,4.6,MM,MM,MM,MM,1011.2,+0.0,8.4,MM,MM,MM,MM
GTXF1,29.658,-81.233,2022,11,10,07,45,40,8.8,MM,MM,MM,MM,MM,1007.0,MM,23.6,MM,22.3,MM,MM
GUXA2,58.408,-135.726,2022,11,10,08,52,20,1.0,2.1,MM,MM,MM,MM,MM,MM,-0.6,MM,-1.7,MM,MM
HAXA2,59.234,-135.442,2022,11,10,08,52,260,1.5,2.6,MM,MM,MM,MM,MM,MM,-3.7,MM,MM,MM,MM
HBYC1,40.767,-124.217,2022,11,10,08,36,MM,MM,MM,MM,MM,MM,MM,1026.8,MM,MM,10.7,MM,MM,MM
HCEF1,25.254,-80.444,2022,11,10,08,00,MM,MM,MM,MM,MM,MM,MM,MM,MM,MM,25.1,MM,MM,0.67
HCGN7,35.209,-75.704,2022,11,10,08,30,90,4.6,6.7,MM,MM,MM,MM,1024.4,MM,20.4,18.9,MM,MM,MM
HHLO1,41.401,-82.545,2022,11,10,08,00,200,5.1,7.2,MM,MM,MM,MM,1020.7,-0.6,14.9,MM,MM,MM,MM
HIST2,29.595,-94.390,2022,11,10,08,30,140,1.5,2.6,MM,MM,MM,MM,1015.2,MM,21.1,24.3,MM,MM,MM
HIVT2,27.844,-97.070,2022,11,10,08,30,MM,MM,MM,MM,MM,MM,MM,1013.7,MM,24.5,MM,24.5,5.9,MM
HLNM4,42.773,-86.213,2022,11,10,08,30,170,7.7,8.8,MM,MM,MM,MM,1017.2,MM,16.8,11.2,5.9,MM,MM
HMSA2,59.602,-151.417,2022,11,10,08,55,60,2.6,4.6,MM,MM,MM,MM,MM,MM,2.2,MM,-1.4,MM,MM
HRBM4,43.846,-82.643,2022,11,10,08,30,200,3.6,5.1,MM,MM,MM,MM,1017.5,MM,12.8,10.0,1.3,MM,MM
HREF1,25.424,-81.060,2022,11,10,08,00,MM,MM,MM,MM,MM,MM,MM,MM,MM,MM,24.3,MM,MM,1.17
HRVC1,34.469,-120.682,2022,11,10,08,24,MM,MM,MM,MM,MM,MM,MM,1022.7,MM,12.4,MM,MM,MM,MM
ICAC1,34.008,-118.500,2022,11,10,08,30,MM,MM,MM,MM,MM,MM,MM,1021.5,MM,11.6,16.0,MM,MM,MM
ILOH1,19.730,-155.056,2022,11,10,08,30,MM,0.0,2.6,MM,MM,MM,MM,1019.6,MM,21.4,26.8,MM,MM,MM
IOSN3,42.967,-70.623,2022,11,10,08,00,240,12.4,13.4,MM,MM,MM,MM,1027.1,-2.1,7.9,MM,2.7,MM,MM
IRDT2,27.480,-97.322,2022,11,10,08,30,130,2.6,3.1,MM,MM,MM,MM,1013.8,MM,23.8,26.4,MM,MM,MM
ITKA2,57.052,-135.342,2022,11,10,08,30,MM,MM,MM,MM,MM,MM,MM,1014.3,MM,2.2,8.5,MM,MM,MM
JBYF1,25.224,-80.541,2022,11,10,08,00,MM,MM,MM,MM,MM,MM,MM,MM,MM,MM,24.5,MM,MM,0.13
JCRN4,39.535,-74.464,2022,11,10,08,30,MM,0.0,MM,MM,MM,MM,MM,1032.0,MM,5.2,MM,4.6,MM,MM
JKYF1,25.053,-80.904,2022,11,10,08,00,MM,MM,MM,MM,MM,MM,MM,MM,MM,MM,24.2,MM,MM,1.89
JLXA2,58.298,-134.405,2022,11,10,08,53,130,1.5,3.1,MM,MM,MM,MM,MM,MM,-0.3,MM,-3.2,MM,MM
JMLA2,58.286,-134.390,2022,11,10,08,52,140,2.6,4.6,MM,MM,MM,MM,MM,MM,-0.1,MM,-3.1,MM,MM
JMPN7,34.213,-77.786,2022,11,10,08,30,10,9.3,10.3,MM,MM,MM,MM,1021.8,MM,16.4,18.9,MM,MM,MM
JNEA2,58.298,-134.411,2022,11,10,08,30,140,2.6,3.6,MM,MM,MM,MM,1018.8,MM,-0.3,6.1,MM,MM,MM
JNGA2,58.291,-134.394,2022,11,10,08,53,120,1.0,2.6,MM,MM,MM,MM,1018.4,MM,-0.1,MM,-3.0,MM,MM
JXUF1,30.354,-81.612,2022,11,10,08,30,MM,MM,MM,MM,MM,MM,MM,MM,MM,MM,21.4,MM,MM,MM
KATP,27.195,-90.027,2022,11,10,08,55,70,7.2,MM,MM,MM,MM,MM,MM,MM,24,MM,17,8.7,MM
KBMG1,30.777,-81.487,2022,11,10,08,30,MM,MM,MM,MM,MM,MM,MM,1010.9,MM,18.8,MM,MM,MM,MM
KBQX,28.314,-95.620,2022,11,10,08,55,130,7.2,MM,MM,MM,MM,MM,MM,MM,25,MM,20,7.8,MM
KDAA2,57.731,-152.511,2022,11,10,08,30,300,7.7,15.4,MM,MM,MM,MM,1005.8,MM,5.3,3.6,MM,MM,MM
KECA2,55.331,-131.625,2022,11,10,08,30,130,4.6,5.7,MM,MM,MM,MM,1021.3,MM,2.5,7.7,MM,MM,MM
KEXA2,55.352,-131.684,2022,11,10,08,52,140,5.1,7.7,MM,MM,MM,MM,MM,MM,2.7,MM,MM,MM,MM
KGBK,27.204,-92.203,2022,11,10,08,50,70,4.1,7.7,MM,MM,MM,MM,MM,MM,24,MM,16,5.2,MM
KGCA2,55.062,-162.327,2022,11,10,08,30,360,2.1,2.6,MM,MM,MM,MM,1015.5,MM,3.7,7.5,MM,MM,MM
KGHB,27.840,-91.988,2022,11,10,08,55,70,3.6,7.2,MM,MM,MM,MM,MM,MM,23,MM,16,6.1,MM
KGNA,47.745,-90.346,2022,11,10,08,56,90,5.7,MM,MM,MM,MM,MM,1013.1,MM,6.1,MM,3.9,MM,MM
KGRY,27.625,-90.441,2022,11,10,08,55,70,7.7,MM,MM,MM,MM,MM,MM,MM,23,MM,16,8.7,MM
KGUL,27.304,-93.538,2022,11,10,08,55,100,2.1,MM,MM,MM,MM,MM,MM,MM,24,MM,17,8.7,MM
KGXA2,57.777,-152.425,2022,11,10,08,54,340,11.8,24.2,MM,MM,MM,MM,MM,MM,5.3,MM,-2.3,MM,MM
KHHV,26.939,-94.689,2022,11,10,08,55,110,8.2,MM,MM,MM,MM,MM,MM,MM,25,MM,19,8.7,MM
KIKT,28.521,-88.289,2022,11,10,09,00,60,8.8,MM,MM,MM,MM,MM,MM,MM,22,MM,16,8.7,MM
KLIH1,20.895,-156.469,2022,11,10,08,30,70,4.1,5.1,MM,MM,MM,MM,1019.9,MM,24.6,25.7,MM,MM,MM
KMXA2,57.782,-152.439,2022,11,10,08,54,190,4.1,11.3,MM,MM,MM,MM,MM,MM,4.5,MM,-1.4,MM,MM
KNSW3,42.589,-87.809,2022,11,10,08,00,220,4.1,5.7,MM,MM,MM,MM,1017.3,-0.3,18.0,MM,MM,MM,MM
KNXA2,60.552,-151.274,2022,11,10,08,54,300,0.5,1.0,MM,MM,MM,MM,MM,MM,1.4,MM,0.5,MM,MM
KOZA2,66.901,-162.589,2022,11,10,08,54,190,1.5,3.1,MM,MM,MM,MM,1003.9,MM,-3.9,MM,-5.2,MM,MM
KP53,46.417,-86.650,2022,11,10,08,56,180,4.6,MM,MM,MM,MM,MM,1010.9,MM,13.3,MM,11.1,MM,MM
KP58,44.017,-82.800,2022,11,10,08,55,210,3.6,MM,MM,MM,MM,MM,1017.7,MM,15.0,MM,1.1,MM,MM
KP59,47.467,-87.883,2022,11,10,08,51,60,6.7,MM,MM,MM,MM,MM,1012.1,MM,6.7,MM,6.1,MM,MM
KPTN6,40.811,-73.765,2022,11,10,08,30,140,2.6,3.1,MM,MM,MM,MM,1030.7,MM,9.0,14.7,MM,MM,MM
KPTV2,37.165,-75.988,2022,11,10,08,30,50,3.1,5.7,MM,MM,MM,MM,MM,MM,MM,18.4,MM,MM,MM
KTNF1,29.819,-83.594,2022,11,10,08,00,20,7.7,9.8,MM,MM,MM,MM,1010.9,-3.9,19.0,MM,13.2,MM,MM
KVAF,27.354,-94.625,2022,11,10,08,55,80,4.6,MM,MM,MM,MM,MM,MM,MM,25,MM,17,8.7,MM
KVOA,29.229,-87.781,2022,11,10,09,00,60,10.3,MM,MM,MM,MM,MM,MM,MM,21,MM,16,7.8,MM
KWHH1,20.037,-155.829,2022,11,10,08,30,50,4.6,9.8,MM,MM,MM,MM,1017.3,MM,26.2,27.5,MM,MM,MM
KWJP8,8.732,167.734,2022,11,10,08,30,MM,MM,MM,MM,MM,MM,MM,1009.8,MM,MM,MM,MM,MM,MM
KWNW3,44.465,-87.496,2022,11,10,08,30,190,3.6,4.6,MM,MM,MM,MM,1013.3,MM,9.7,MM,MM,MM,MM
KYWF1,24.556,-81.808,2022,11,10,08,30,300,7.7,9.8,MM,MM,MM,MM,MM,MM,24.5,26.2,MM,MM,MM
LAMV3,18.318,-64.724,2022,11,10,08,30,MM,MM,MM,MM,MM,MM,MM,MM,MM,27.0,28.7,MM,MM,MM
LAPW1,47.913,-124.637,2022,11,10,08,36,60,2.6,3.6,MM,MM,MM,MM,1026.0,MM,3.8,10.1,MM,MM,MM
LBSF1,25.214,-80.432,2022,11,10,07,00,MM,MM,MM,MM,MM,MM,MM,MM,MM,MM,24.5,MM,MM,0.74
LCLL1,30.224,-93.222,2022,11,10,08,30,MM,MM,MM,MM,MM,MM,MM,1016.6,MM,17.5,25.0,MM,MM,MM
LCNA2,56.058,-132.690,2022,11,10,08,10,130,7.7,13.4,MM,MM,MM,MM,1018.6,MM,2.6,MM,-9.6,MM,MM
LDLC3,41.306,-72.077,2022,11,10,08,40,230,9.8,11.3,MM,MM,MM,MM,MM,MM,11.8,MM,MM,MM,MM
LDTM4,43.947,-86.441,2022,11,10,08,30,190,7.7,10.8,MM,MM,MM,MM,MM,MM,16.8,MM,7.3,MM,MM
LIXA2,58.540,-135.047,2022,11,10,08,52,70,1.0,2.1,MM,MM,MM,MM,MM,MM,-0.3,MM,-2.5,MM,MM
LJAC1,32.867,-117.257,2022,11,10,08,30,30,3.6,4.1,MM,MM,MM,MM,1019.5,MM,13.7,17.7,MM,MM,MM
LKWF1,26.613,-80.034,2022,11,10,08,30,210,10.8,14.9,MM,MM,MM,MM,997.1,MM,22.1,25.2,MM,MM,MM
LMDF1,25.176,-80.633,2022,11,10,08,00,MM,MM,MM,MM,MM,MM,MM,MM,MM,MM,24.3,MM,MM,0.55
LMFS1,34.107,-81.271,2022,11,10,08,20,30,2.6,4.6,MM,MM,MM,MM,MM,MM,15.1,MM,MM,MM,MM
LMRF1,25.556,-81.169,2022,11,10,08,00,MM,MM,MM,MM,MM,MM,MM,MM,MM,MM,23.9,MM,MM,1.63
LNDC1,37.795,-122.281,2022,11,10,08,30,320,1.5,2.1,MM,MM,MM,MM,1025.1,MM,10.5,MM,MM,MM,MM
LONF1,24.844,-80.864,2022,11,10,08,50,270,7.7,9.3,MM,MM,MM,MM,1003.6,MM,24.5,MM,MM,MM,MM
LOPL1,28.885,-90.025,2022,11,10,08,34,MM,5.7,7.2,0.9,MM,MM,MM,MM,MM,MM,MM,MM,MM,MM
LOPW1,46.106,-122.954,2022,11,10,08,30,MM,MM,MM,MM,MM,MM,MM,1027.1,MM,MM,10.7,MM,MM,MM
LORO1,41.481,-82.195,2022,11,10,08,30,MM,0.0,0.0,MM,MM,MM,MM,MM,MM,14.0,MM,MM,MM,MM
LPNM4,45.063,-83.429,2022,11,10,08,30,270,2.1,4.1,MM,MM,MM,MM,1015.3,MM,15.5,12.5,8.1,MM,MM
LQAT2,27.881,-97.285,2022,11,10,08,30,150,4.6,5.1,MM,MM,MM,MM,1007.7,MM,24.4,25.6,22.6,5.9,MM
LRIF1,25.284,-80.894,2022,11,10,08,00,MM,MM,MM,MM,MM,MM,MM,MM,MM,MM,24.2,MM,MM,0.58
LRKF1,24.982,-80.826,2022,11,10,07,00,MM,MM,MM,MM,MM,MM,MM,MM,MM,MM,24.7,MM,MM,0.84
LSNF1,25.235,-80.457,2022,11,10,08,00,MM,MM,MM,MM,MM,MM,MM,MM,MM,MM,24.9,MM,MM,0.66
LTBV3,17.695,-64.754,2022,11,10,08,30,80,1.5,2.6,MM,MM,MM,MM,1011.4,MM,26.4,28.5,MM,MM,MM
LTJF1,30.379,-81.446,2022,11,10,08,30,MM,MM,MM,MM,MM,MM,MM,MM,MM,20.2,MM,20.0,1.1,MM
LTRM4,46.486,-84.302,2022,11,10,08,30,90,1.0,1.5,MM,MM,MM,MM,1012.6,MM,9.9,10.7,9.8,MM,MM
LUIT2,29.076,-95.122,2022,11,10,08,30,120,4.1,5.7,MM,MM,MM,MM,1014.5,MM,23.2,23.1,MM,MM,MM
LWSD1,38.783,-75.119,2022,11,10,08,30,130,1.5,2.1,MM,MM,MM,MM,1030.1,MM,14.2,14.5,MM,MM,MM
LWTV2,37.995,-76.465,2022,11,10,08,30,60,3.1,4.1,MM,MM,MM,MM,1029.6,MM,13.1,14.9,MM,MM,MM
MACM4,45.777,-84.721,2022,11,10,08,30,210,6.7,10.3,MM,MM,MM,MM,1012.1,MM,17.0,8.2,10.5,MM,MM
MAXT2,28.132,-97.034,2022,11,10,08,00,150,4.6,MM,MM,MM,MM,MM,1015.0,-2.0,24.9,MM,22.8,MM,MM
MBET2,28.422,-96.327,2022,11,10,08,30,150,5.1,5.7,MM,MM,MM,MM,1012.9,MM,24.0,23.7,MM,MM,MM
MBIN7,34.091,-77.868,2022,11,10,07,30,40,4.6,6.7,MM,MM,MM,MM,1021.2,MM,16.2,MM,14.6,MM,MM
MBNN7,34.171,-77.824,2022,11,10,07,30,30,4.6,7.7,MM,MM,MM,MM,1021.7,MM,16.5,MM,14.6,MM,MM
MBPA1,30.527,-88.086,2022,11,10,08,30,MM,MM,MM,MM,MM,MM,MM,MM,MM,18.0,MM,12.5,5.9,MM
MBRM4,42.975,-82.419,2022,11,10,08,30,MM,MM,MM,MM,MM,MM,MM,1019.9,MM,13.1,MM,MM,MM,MM
MCGA1,30.649,-88.058,2022,11,10,08,30,20,3.1,3.6,MM,MM,MM,MM,1016.8,MM,16.0,23.4,MM,MM,MM
MCGM4,46.546,-87.379,2022,11,10,08,30,220,4.6,7.2,MM,MM,MM,MM,1008.9,MM,12.7,MM,9.9,MM,MM
MCYI3,41.729,-86.912,2022,11,10,08,50,170,6.2,MM,MM,MM,MM,MM,1017.6,MM,16.6,MM,MM,MM,MM
MDKF1,25.289,-80.396,2022,11,10,08,00,MM,MM,MM,MM,MM,MM,MM,MM,MM,MM,24.2,MM,MM,1.03
MDRM1,43.969,-68.128,2022,11,10,08,00,210,15.4,17.0,MM,MM,MM,MM,1025.5,-3.3,10.7,MM,6.0,MM,MM
MEEM4,44.251,-86.342,2022,11,10,08,40,170,3.1,6.7,MM,MM,MM,MM,1016.3,MM,17.9,MM,MM,MM,MM
MEYC1,36.605,-121.889,2022,11,10,08,36,180,1.5,2.6,MM,MM,MM,MM,1024.6,MM,8.3,17.9,MM,MM,MM
MGIP4,17.970,-67.046,2022,11,10,08,30,350,0.5,1.0,MM,MM,MM,MM,1012.2,MM,25.2,28.4,MM,MM,MM
MGPT2,29.682,-94.985,2022,11,10,08,30,110,5.1,6.7,MM,MM,MM,MM,1014.6,MM,21.8,23.2,MM,MM,MM
MGZP4,18.218,-67.159,2022,11,10,08,30,MM,0.0,2.1,MM,MM,MM,MM,1012.5,MM,24.7,28.7,MM,MM,MM
MHBT2,27.828,-97.201,2022,11,10,08,30,150,3.1,4.1,MM,MM,MM,MM,1013.8,MM,24.4,MM,23.9,5.9,MM
MHRN6,40.641,-74.162,2022,11,10,08,30,230,2.6,2.6,MM,MM,MM,MM,MM,MM,MM,MM,MM,MM,MM
MISM1,43.784,-68.855,2022,11,10,08,00,220,16.5,18.0,MM,MM,MM,MM,1026.3,-3.0,10.6,MM,6.3,MM,MM
MISP4,18.090,-67.939,2022,11,10,08,30,MM,MM,MM,MM,MM,MM,MM,1011.7,MM,24.1,27.4,MM,MM,MM
MIXA2,57.837,-133.814,2022,11,10,08,53,MM,0.0,0.5,MM,MM,MM,MM,1015.9,MM,1.4,MM,-3.9,MM,MM
MKGM4,43.227,-86.339,2022,11,10,08,50,200,6.7,7.2,MM,MM,MM,MM,1018.3,MM,13.0,MM,8.8,MM,MM
MLSC1,36.802,-121.791,2022,11,10,08,47,MM,0.0,MM,MM,MM,MM,MM,1025.2,MM,7.4,MM,6.1,MM,MM
MLWW3,43.005,-87.884,2022,11,10,08,40,210,3.6,4.6,MM,MM,MM,MM,MM,MM,17.0,MM,MM,MM,MM
MNBF1,25.239,-80.422,2022,11,10,08,00,MM,MM,MM,MM,MM,MM,MM,MM,MM,MM,24.7,MM,MM,1.07
MNMM4,45.096,-87.590,2022,11,10,08,30,200,8.2,10.8,MM,MM,MM,MM,1011.3,MM,16.8,9.3,12.4,MM,MM
MNPV2,36.778,-76.302,2022,11,10,08,30,30,1.5,2.6,MM,MM,MM,MM,1027.3,MM,16.0,17.5,MM,MM,MM
MOKH1,21.433,-157.790,2022,11,10,08,36,50,5.7,7.7,MM,MM,MM,MM,1020.3,MM,25.2,26.2,MM,MM,MM
MRCP1,39.809,-75.415,2022,11,10,08,30,MM,MM,MM,MM,MM,MM,MM,1030.6,MM,6.2,15.6,MM,MM,MM
MRHO1,41.544,-82.731,2022,11,10,08,30,200,3.1,6.2,MM,MM,MM,MM,1020.6,MM,13.4,11.6,-6.6,MM,MM
MRKA2,61.082,-146.662,2022,11,10,08,30,30,3.6,4.1,MM,MM,MM,MM,1005.6,MM,2.0,MM,MM,MM,MM
MRNA2,58.198,-134.257,2022,11,10,08,52,MM,0.0,1.5,MM,MM,MM,MM,MM,MM,-0.1,MM,-4.2,MM,MM
MROS1,33.656,-78.916,2022,11,10,08,30,20,6.2,9.8,MM,MM,MM,MM,1022.2,MM,15.8,MM,MM,MM,MM
MRYA2,55.099,-131.182,2022,11,10,08,52,150,2.6,5.1,MM,MM,MM,MM,1020.6,MM,2.6,MM,-4.5,MM,MM
MTBF1,27.661,-82.594,2022,11,10,08,30,350,12.4,16.0,MM,MM,MM,MM,MM,MM,20.1,MM,18.2,4.9,MM
MTKN6,41.048,-71.959,2022,11,10,08,30,MM,MM,MM,MM,MM,MM,MM,1030.0,MM,11.2,15.0,MM,MM,MM
MUKF1,25.106,-80.942,2022,11,10,08,00,MM,MM,MM,MM,MM,MM,MM,MM,MM,MM,24.9,MM,MM,MM
MVXA2,58.364,-134.606,2022,11,10,08,52,140,2.1,5.1,MM,MM,MM,MM,MM,MM,0.0,MM,-5.6,MM,MM
MXXA2,58.301,-134.425,2022,11,10,08,52,120,3.6,5.1,MM,MM,MM,MM,MM,MM,-0.2,MM,-4.1,MM,MM
MYPF1,30.398,-81.428,2022,11,10,08,30,20,14.4,19.0,MM,MM,MM,MM,1009.5,MM,20.5,21.0,MM,MM,MM
MZXC1,38.035,-122.125,2022,11,10,08,30,130,1.5,2.1,MM,MM,MM,MM,1025.5,MM,9.4,14.1,9.4,MM,MM
NABM4,46.087,-85.444,2022,11,10,08,30,240,4.6,6.7,MM,MM,MM,MM,1012.9,MM,10.8,MM,MM,MM,MM
NAXR1,41.637,-71.339,2022,11,10,07,45,250,3.1,MM,MM,MM,MM,MM,1030.0,MM,8.4,MM,6.1,MM,MM
NBLP1,40.137,-74.752,2022,11,10,08,30,30,0.5,0.5,MM,MM,MM,MM,1031.3,MM,5.7,14.4,MM,MM,MM
NCDV2,38.320,-77.037,2022,11,10,08,30,330,1.0,1.5,MM,MM,MM,MM,1029.4,MM,7.7,14.8,MM,MM,MM
NCHT2,29.726,-95.266,2022,11,10,08,30,170,1.0,3.1,MM,MM,MM,MM,1014.7,MM,21.6,23.8,MM,MM,MM
NEAW1,48.367,-124.614,2022,11,10,08,30,MM,MM,MM,MM,MM,MM,MM,1026.0,MM,MM,9.0,MM,MM,MM
NFDF1,30.400,-81.627,2022,11,10,08,30,20,5.7,11.8,MM,MM,MM,MM,1009.2,MM,19.0,MM,18.9,4.3,MM
NIAN6,43.077,-79.014,2022,11,10,08,30,MM,MM,MM,MM,MM,MM,MM,1022.4,MM,11.9,MM,MM,MM,MM
NIWS1,33.349,-79.189,2022,11,10,07,45,30,6.7,MM,MM,MM,MM,MM,1020.0,MM,17.1,MM,13.7,MM,MM
NJLC1,40.769,-124.239,2022,11,10,08,24,120,2.1,2.1,MM,MM,MM,MM,MM,MM,6.2,MM,MM,MM,MM
NKLA2,52.972,-168.855,2022,11,10,08,55,100,22.7,31.9,MM,MM,MM,MM,MM,MM,4.0,MM,3.4,MM,MM
NKTA2,60.683,-151.399,2022,11,10,08,30,40,2.1,2.6,MM,MM,MM,MM,1005.0,MM,2.4,3.4,MM,MM,MM
NKXA2,58.255,-134.945,2022,11,10,08,52,90,9.3,15.4,MM,MM,MM,MM,MM,MM,0.4,MM,-4.3,MM,MM
NLNC3,41.361,-72.090,2022,11,10,08,30,MM,MM,MM,MM,MM,MM,MM,1029.5,MM,4.7,13.1,MM,MM,MM
NLXA2,56.005,-161.177,2022,11,10,08,54,200,5.7,6.7,MM,MM,MM,MM,MM,MM,3.4,MM,3.0,MM,MM
NMTA2,64.500,-165.430,2022,11,10,08,30,280,6.2,7.2,MM,MM,MM,MM,1004.9,MM,-0.3,MM,MM,MM,MM
NMXA2,64.494,-165.440,2022,11,10,08,54,250,6.7,8.2,MM,MM,MM,MM,MM,MM,0.3,MM,-1.7,MM,MM
NPDW3,45.291,-86.977,2022,11,10,08,00,MM,MM,MM,MM,MM,MM,MM,1013.9,-1.0,MM,MM,MM,MM,MM
NPXN6,41.831,-73.942,2022,11,10,08,30,140,2.6,MM,MM,MM,MM,MM,1031.0,MM,7.5,MM,3.2,MM,MM
NREP1,42.258,-79.792,2022,11,10,07,30,190,10.3,17.0,MM,MM,MM,MM,MM,MM,MM,MM,MM,MM,MM
NRRF1,25.338,-80.911,2022,11,10,08,00,MM,MM,MM,MM,MM,MM,MM,MM,MM,MM,24.2,MM,MM,0.40
NSTP6,-14.280,-170.688,2022,11,10,08,30,MM,MM,MM,MM,MM,MM,MM,MM,MM,MM,28.2,MM,MM,MM
NSXA2,60.740,-151.311,2022,11,10,08,54,30,5.1,7.7,MM,MM,MM,MM,MM,MM,1.7,MM,0.9,MM,MM
NTBC1,34.405,-119.692,2022,11,10,08,36,340,3.1,4.6,MM,MM,MM,MM,1021.2,MM,12.3,MM,MM,MM,MM
NTKM3,41.285,-70.096,2022,11,10,08,30,230,4.6,6.7,MM,MM,MM,MM,1029.9,MM,11.5,12.6,MM,MM,MM
NUET2,27.832,-97.486,2022,11,10,08,30,180,5.1,5.7,MM,MM,MM,MM,1013.1,MM,MM,26.0,MM,MM,MM
NWCL1,30.027,-90.113,2022,11,10,08,30,70,6.2,7.2,MM,MM,MM,MM,1015.7,MM,18.9,25.7,MM,MM,MM
NWHC3,41.283,-72.908,2022,11,10,08,30,300,2.1,2.6,MM,MM,MM,MM,1030.3,MM,8.3,14.2,MM,MM,MM
NWPO3,44.613,-124.067,2022,11,10,08,00,80,3.1,4.1,MM,MM,MM,MM,MM,MM,3.5,MM,MM,MM,MM
NWPR1,41.504,-71.326,2022,11,10,08,30,240,5.7,6.2,MM,MM,MM,MM,1029.6,MM,11.7,14.5,MM,MM,MM
NWWH1,21.954,-159.353,2022,11,10,08,30,30,5.1,8.2,MM,MM,MM,MM,1021.8,MM,24.7,28.4,MM,MM,MM
OBGN6,44.702,-75.494,2022,11,10,08,30,MM,MM,MM,MM,MM,MM,MM,1022.1,MM,8.1,MM,MM,MM,MM
OBLA1,30.705,-88.040,2022,11,10,08,30,MM,MM,MM,MM,MM,MM,MM,1015.4,MM,15.4,22.3,MM,MM,MM
OBXC1,37.804,-122.341,2022,11,10,08,30,MM,MM,MM,MM,MM,MM,MM,MM,MM,10.7,MM,6.9,5.9,MM
OCIM2,38.328,-75.091,2022,11,10,08,30,80,2.6,3.6,MM,MM,MM,MM,1029.8,MM,15.7,15.1,MM,MM,MM
OKSI2,41.912,-87.624,2022,11,10,07,00,280,3.1,6.2,MM,MM,MM,MM,MM,MM,19.8,MM,MM,MM,MM
OKXC1,37.811,-122.333,2022,11,10,08,30,90,2.1,2.6,MM,MM,MM,MM,1025.2,MM,10.5,MM,MM,MM,MM
OLCN6,43.341,-78.719,2022,11,10,08,00,230,3.6,4.6,MM,MM,MM,MM,1023.0,-1.4,12.9,MM,MM,MM,MM
OLSA2,52.940,-168.870,2022,11,10,08,30,120,19.0,23.7,MM,MM,MM,MM,1006.0,MM,6.2,MM,MM,MM,MM
OMHC1,37.801,-122.330,2022,11,10,08,30,70,3.6,4.1,MM,MM,MM,MM,MM,MM,MM,MM,MM,MM,MM
OOUH1,21.303,-157.865,2022,11,10,08,30,60,3.1,6.2,MM,MM,MM,MM,1020.3,MM,25.0,26.4,MM,MM,MM
OPTF1,27.858,-82.553,2022,11,10,08,30,330,13.4,16.0,MM,MM,MM,MM,1002.6,MM,20.3,26.7,MM,MM,MM
ORIN7,35.796,-75.548,2022,11,10,08,30,70,4.1,5.7,MM,MM,MM,MM,1024.9,MM,18.4,16.9,MM,MM,MM
OSGN6,43.464,-76.511,2022,11,10,08,30,170,6.2,8.8,MM,MM,MM,MM,1023.9,MM,9.7,MM,-3.5,MM,MM
OTNM4,46.870,-89.330,2022,11,10,08,00,90,4.6,8.8,MM,MM,MM,MM,1010.5,+0.3,7.4,MM,MM,MM,MM
OVIA2,59.440,-151.720,2022,11,10,08,30,MM,MM,MM,MM,MM,MM,MM,1005.4,MM,MM,6.7,MM,MM,MM
OWXO1,41.378,-82.508,2022,11,10,07,45,210,1.5,MM,MM,MM,MM,MM,1022.0,MM,14.0,MM,-4.6,MM,MM
PACF1,30.152,-85.667,2022,11,10,08,30,20,6.2,7.7,MM,MM,MM,MM,MM,MM,MM,22.6,MM,MM,MM
PACT2,27.634,-97.237,2022,11,10,08,30,130,1.5,2.6,MM,MM,MM,MM,1013.5,MM,23.9,25.4,MM,MM,MM
PAUA2,57.124,-170.271,2022,11,10,08,55,130,5.7,8.8,MM,MM,MM,MM,MM,MM,4.2,MM,3.3,MM,MM
PAXA2,58.159,-134.178,2022,11,10,08,53,60,8.2,11.3,MM,MM,MM,MM,MM,MM,-3.2,MM,-5.8,MM,MM
PBFW1,48.464,-122.469,2022,11,10,08,30,140,1.0,MM,MM,MM,MM,MM,1027.0,MM,2.3,MM,0.1,MM,MM
PBPA2,58.203,-134.148,2022,11,10,08,10,30,8.8,11.8,MM,MM,MM,MM,1019.1,MM,-3.1,MM,-7.2,MM,MM
PCBF1,30.213,-85.880,2022,11,10,08,30,40,7.7,10.8,MM,MM,MM,MM,1015.0,MM,17.2,22.3,MM,MM,MM
PCGT2,26.072,-97.167,2022,11,10,08,30,130,5.1,6.2,MM,MM,MM,MM,1013.1,MM,25.3,25.7,MM,MM,MM
PCLF1,30.404,-87.211,2022,11,10,08,30,50,2.6,5.1,MM,MM,MM,MM,1016.4,MM,16.5,22.7,MM,MM,MM
PCLM4,47.276,-88.528,2022,11,10,08,00,170,3.6,7.2,MM,MM,MM,MM,1006.4,+1.0,MM,MM,MM,MM,MM
PCNT2,28.446,-96.396,2022,11,10,08,30,90,3.6,4.6,MM,MM,MM,MM,1013.9,MM,23.5,26.7,MM,MM,MM
PCOC1,38.056,-122.039,2022,11,10,08,30,80,1.5,2.1,MM,MM,MM,MM,MM,MM,9.7,14.1,MM,MM,MM
PCXA2,57.463,-134.867,2022,11,10,08,53,120,3.1,6.2,MM,MM,MM,MM,1016.9,MM,1.3,MM,-0.1,MM,MM
PDVR1,41.611,-71.410,2022,11,10,08,30,250,1.5,MM,MM,MM,MM,MM,1029.6,MM,5.8,MM,4.2,MM,MM
PEGF1,26.086,-80.116,2022,11,10,08,30,210,8.2,11.3,MM,MM,MM,MM,1001.3,MM,22.5,MM,MM,MM,MM
PEXA2,57.958,-136.227,2022,11,10,08,53,170,4.6,8.8,MM,MM,MM,MM,1014.1,MM,0.0,MM,0.0,MM,MM
PFDC1,33.735,-118.241,2022,11,10,07,24,320,3.1,3.6,MM,MM,MM,MM,MM,MM,MM,MM,MM,MM,MM
PFXC1,33.747,-118.215,2022,11,10,08,30,MM,0.0,1.0,MM,MM,MM,MM,MM,MM,12.1,MM,MM,MM,MM
PGBP7,13.428,144.796,2022,11,10,08,30,60,1.0,3.1,MM,MM,MM,MM,1009.9,MM,MM,MM,MM,MM,MM
PGXA2,57.016,-134.618,2022,11,10,08,53,130,8.2,12.4,MM,MM,MM,MM,MM,MM,0.8,MM,-1.3,MM,MM
PHBP1,39.933,-75.142,2022,11,10,08,30,MM,MM,MM,MM,MM,MM,MM,1030.3,MM,9.0,14.8,MM,MM,MM
PILA2,59.742,-149.470,2022,11,10,08,30,360,8.8,9.8,MM,MM,MM,MM,1002.1,MM,5.1,MM,3.0,MM,MM
PILL1,29.179,-89.259,2022,11,10,08,30,100,2.1,3.1,MM,MM,MM,MM,1015.3,MM,20.1,21.6,MM,MM,MM
PILM4,48.223,-88.366,2022,11,10,08,00,20,6.2,9.8,MM,MM,MM,MM,1015.7,+0.3,5.4,MM,MM,MM,MM
PKBW3,46.672,-92.136,2022,11,10,08,00,70,2.6,MM,MM,MM,MM,MM,1012.0,-1.0,6.8,MM,6.8,MM,MM
PKYF1,24.918,-80.747,2022,11,10,08,00,MM,MM,MM,MM,MM,MM,MM,MM,MM,MM,24.9,MM,MM,0.62
PLXA2,56.247,-134.647,2022,11,10,08,30,120,0.5,2.6,MM,MM,MM,MM,1017.7,MM,1.1,7.1,MM,MM,MM
PMAF1,27.638,-82.562,2022,11,10,08,30,MM,MM,MM,MM,MM,MM,MM,1002.3,MM,20.1,20.6,MM,MM,MM
PMNT2,26.559,-97.424,2022,11,10,08,30,MM,MM,MM,MM,MM,MM,MM,1012.4,MM,24.5,26.9,MM,MM,MM
PNGW3,46.792,-91.386,2022,11,10,08,40,50,11.3,12.9,MM,MM,MM,MM,1011.2,MM,7.1,MM,MM,MM,MM
PNLM4,45.968,-85.869,2022,11,10,08,30,230,7.2,8.8,MM,MM,MM,MM,1011.9,MM,10.2,8.5,MM,MM,MM
PNLM6,30.368,-88.563,2022,11,10,08,30,MM,MM,MM,MM,MM,MM,MM,MM,MM,MM,21.1,MM,MM,MM
PORO3,42.739,-124.498,2022,11,10,08,30,20,1.5,2.1,MM,MM,MM,MM,1027.4,MM,5.3,MM,MM,MM,MM
PORT2,29.867,-93.931,2022,11,10,08,30,110,2.1,3.6,MM,MM,MM,MM,1015.7,MM,21.6,23.3,MM,MM,MM
POTA2,61.060,-146.700,2022,11,10,08,30,20,8.8,9.8,MM,MM,MM,MM,1004.9,MM,3.0,MM,MM,MM,MM
PPTM2,38.134,-76.533,2022,11,10,08,30,50,2.1,2.6,MM,MM,MM,MM,MM,MM,MM,MM,MM,MM,MM
PPXA2,60.801,-148.357,2022,11,10,08,55,230,4.1,5.7,MM,MM,MM,MM,1004.9,MM,2.5,MM,2.1,MM,MM
PPXC1,37.906,-122.365,2022,11,10,08,30,350,3.1,3.6,MM,MM,MM,MM,1025.7,MM,10.5,MM,MM,MM,MM
PRDA2,70.400,-148.527,2022,11,10,08,30,260,5.7,6.2,MM,MM,MM,MM,1001.2,MM,-1.5,-1.9,MM,MM,MM
PRJC1,33.733,-118.186,2022,11,10,08,30,40,1.0,2.6,MM,MM,MM,MM,MM,MM,MM,MM,MM,MM,MM
PRTA2,58.411,-134.955,2022,11,10,08,10,290,3.1,5.1,MM,MM,MM,MM,1018.8,MM,-0.8,MM,-1.8,MM,MM
PRUR1,41.605,-71.304,2022,11,10,08,30,MM,MM,MM,MM,MM,MM,MM,MM,MM,9.4,MM,MM,5.9,MM
PRYC1,37.996,-122.977,2022,11,10,08,30,MM,MM,MM,MM,MM,MM,MM,1024.8,MM,MM,12.6,MM,MM,MM
PSBC1,38.040,-121.887,2022,11,10,08,30,20,1.5,2.1,MM,MM,MM,MM,1025.3,MM,10.4,MM,MM,MM,MM
PSBM1,44.905,-66.983,2022,11,10,08,30,180,6.2,9.3,MM,MM,MM,MM,1022.1,MM,9.9,12.1,MM,MM,MM
PSLC1,35.169,-120.754,2022,11,10,08,30,20,2.1,2.6,MM,MM,MM,MM,1024.0,MM,10.3,12.7,MM,MM,MM
PSTL1,28.932,-89.407,2022,11,10,08,30,MM,MM,MM,MM,MM,MM,MM,1013.2,MM,23.3,MM,MM,MM,MM
PSTN6,42.691,-79.048,2022,11,10,08,30,MM,MM,MM,MM,MM,MM,MM,1023.0,MM,11.5,MM,MM,MM,MM
PSXC1,33.768,-118.226,2022,11,10,08,30,40,0.5,1.5,MM,MM,MM,MM,MM,MM,MM,MM,MM,MM,MM
PTAT2,27.826,-97.051,2022,11,10,08,00,120,4.6,5.1,MM,MM,MM,MM,MM,MM,24.3,MM,MM,MM,MM
PTAW1,48.125,-123.441,2022,11,10,08,36,MM,MM,MM,MM,MM,MM,MM,1027.4,MM,2.7,8.9,MM,MM,MM
PTBM6,30.213,-88.505,2022,11,10,08,30,80,9.8,12.9,MM,MM,MM,MM,1015.6,MM,18.4,MM,MM,MM,MM
PTCR1,41.638,-71.340,2022,11,10,08,30,260,1.5,3.6,MM,MM,MM,MM,1030.7,MM,8.1,MM,MM,MM,MM
PTGC1,34.577,-120.648,2022,11,10,08,00,360,4.6,5.7,MM,MM,MM,MM,1021.9,+0.0,10.9,MM,MM,MM,MM
PTIM4,46.485,-84.631,2022,11,10,08,30,130,1.5,4.6,MM,MM,MM,MM,1012.1,MM,13.3,MM,9.8,MM,MM
PTIT2,26.061,-97.215,2022,11,10,08,30,130,3.6,5.1,MM,MM,MM,MM,1013.1,MM,24.6,26.2,MM,MM,MM
PTLA2,58.346,-134.752,2022,11,10,08,52,290,1.0,3.1,MM,MM,MM,MM,MM,MM,0.9,MM,-3.2,MM,MM
PTOA1,30.671,-88.031,2022,11,10,08,30,MM,MM,MM,MM,MM,MM,MM,MM,MM,15.9,MM,10.8,5.9,MM
PTWW1,48.111,-122.760,2022,11,10,08,30,150,3.6,4.6,MM,MM,MM,MM,1027.7,MM,4.4,9.4,MM,MM,MM
PVDR1,41.786,-71.383,2022,11,10,08,30,220,1.0,1.5,MM,MM,MM,MM,1030.1,MM,8.0,MM,MM,5.9,MM
PWAW3,43.388,-87.867,2022,11,10,08,40,200,3.1,4.1,MM,MM,MM,MM,1016.6,MM,10.8,MM,MM,MM,MM
PXAC1,33.764,-118.265,2022,11,10,07,18,320,2.1,3.1,MM,MM,MM,MM,MM,MM,MM,MM,MM,MM,MM
PXOC1,37.798,-122.393,2022,11,10,08,30,360,3.1,3.6,MM,MM,MM,MM,1024.1,MM,11.6,MM,MM,MM,MM
PXSC1,37.803,-122.397,2022,11,10,08,30,MM,MM,MM,MM,MM,MM,MM,MM,MM,12.2,MM,MM,5.9,MM
QPTR1,41.586,-71.407,2022,11,10,08,30,250,2.6,3.6,MM,MM,MM,MM,1029.8,MM,7.4,14.2,MM,MM,MM
RCKM4,46.264,-84.191,2022,11,10,08,30,MM,0.0,0.5,MM,MM,MM,MM,1012.4,MM,MM,8.5,MM,MM,MM
RCMC1,37.923,-122.410,2022,11,10,08,30,340,2.6,3.6,MM,MM,MM,MM,1025.3,MM,10.3,14.4,MM,MM,MM
RCPT2,28.024,-97.048,2022,11,10,08,30,140,4.1,5.7,MM,MM,MM,MM,1012.3,MM,24.8,27.2,MM,MM,MM
RCRN6,43.269,-77.626,2022,11,10,08,30,MM,MM,MM,MM,MM,MM,MM,MM,MM,11.9,MM,MM,MM,MM
RDDA2,67.575,-164.067,2022,11,10,08,30,170,7.2,8.8,MM,MM,MM,MM,1003.4,MM,-1.6,-1.4,MM,MM,MM
RDYD1,39.558,-75.572,2022,11,10,08,30,MM,MM,MM,MM,MM,MM,MM,1030.2,MM,8.9,15.2,MM,MM,MM
RIXA2,58.177,-135.052,2022,11,10,08,52,60,2.6,5.7,MM,MM,MM,MM,MM,MM,0.1,MM,-2.3,MM,MM
RKXF1,26.050,-81.701,2022,11,10,07,45,340,5.1,MM,MM,MM,MM,MM,1004.0,MM,22.3,MM,21.0,MM,MM
RLIT2,26.262,-97.285,2022,11,10,08,30,140,5.7,6.7,MM,MM,MM,MM,1012.5,MM,25.3,25.4,MM,MM,MM
RLOT2,29.515,-94.513,2022,11,10,08,30,160,5.7,6.7,MM,MM,MM,MM,1014.8,MM,22.6,24.4,MM,MM,MM
ROAM4,47.867,-89.313,2022,11,10,08,00,MM,MM,MM,MM,MM,MM,MM,1015.0,-0.0,5.4,MM,MM,MM,MM
ROBN4,40.657,-74.065,2022,11,10,08,30,270,4.6,4.6,MM,MM,MM,MM,1030.4,MM,8.7,MM,MM,MM,MM
RPLV2,37.538,-76.014,2022,11,10,08,30,40,4.6,5.1,MM,MM,MM,MM,1028.9,MM,MM,MM,MM,MM,MM
RPRN6,43.263,-77.598,2022,11,10,08,00,200,6.7,10.3,MM,MM,MM,MM,1024.0,-1.4,12.4,MM,MM,MM,MM
RSJT2,26.801,-97.471,2022,11,10,08,30,150,4.6,5.1,MM,MM,MM,MM,1013.6,MM,24.5,27.1,MM,MM,MM
RTAT2,27.840,-97.072,2022,11,10,08,30,130,2.1,3.1,MM,MM,MM,MM,1013.5,MM,24.2,24.5,MM,MM,MM
RTYC1,37.507,-122.212,2022,11,10,08,30,240,1.5,2.1,MM,MM,MM,MM,1025.8,MM,9.1,14.5,MM,MM,MM
SAPF1,27.761,-82.627,2022,11,10,08,30,330,6.2,10.8,MM,MM,MM,MM,1003.1,MM,19.4,24.3,MM,MM,MM
SAUF1,29.857,-81.265,2022,11,10,08,00,30,13.9,16.0,MM,MM,MM,MM,1006.9,-3.8,23.7,21.7,23.0,MM,MM
SAXG1,31.418,-81.296,2022,11,10,08,00,30,10.3,MM,MM,MM,MM,MM,1014.0,-3.0,17.3,MM,16.2,MM,MM
SBEO3,44.625,-124.045,2022,11,10,08,30,MM,MM,MM,MM,MM,MM,MM,1027.4,MM,MM,MM,MM,MM,MM
SBIO1,41.629,-82.841,2022,11,10,08,00,180,8.2,9.3,MM,MM,MM,MM,1021.8,-1.0,15.0,MM,MM,MM,MM
SBLM4,43.810,-83.720,2022,11,10,08,00,200,7.2,7.7,MM,MM,MM,MM,1018.3,-0.7,12.9,MM,MM,MM,MM
SCXA2,58.205,-134.646,2022,11,10,08,52,110,14.9,17.0,MM,MM,MM,MM,MM,MM,-0.5,MM,MM,MM,MM
SDBC1,32.714,-117.174,2022,11,10,08,30,MM,MM,MM,MM,MM,MM,MM,1019.7,MM,MM,18.5,MM,MM,MM
SDHN4,40.467,-74.009,2022,11,10,08,30,260,3.1,3.6,MM,MM,MM,MM,1031.2,MM,9.5,14.4,MM,MM,MM
SDIA2,58.277,-134.389,2022,11,10,08,44,150,1.5,2.6,MM,MM,MM,MM,1018.3,MM,0.6,MM,-3.3,MM,MM
SDRT2,28.407,-96.712,2022,11,10,08,30,80,2.1,2.6,MM,MM,MM,MM,1014.3,MM,22.7,24.9,MM,MM,MM
SEIM1,43.080,-70.742,2022,11,10,08,30,MM,MM,MM,MM,MM,MM,MM,1028.0,MM,6.4,11.6,4.0,MM,MM
SFXC1,38.200,-122.026,2022,11,10,07,45,360,1.5,MM,MM,MM,MM,MM,1025.0,MM,5.5,MM,4.5,MM,MM
SGNT2,28.771,-95.617,2022,11,10,08,30,110,3.6,5.1,MM,MM,MM,MM,1014.3,MM,23.6,24.7,MM,MM,MM
SGNW3,43.749,-87.693,2022,11,10,09,00,190,7.2,7.7,MM,MM,MM,MM,1014.8,-1.5,12.9,MM,9.3,MM,MM
SGOF1,29.408,-84.858,2022,11,10,08,00,MM,MM,MM,MM,MM,MM,MM,1013.0,-3.0,19.5,MM,13.5,MM,MM
SGXA2,56.599,-169.542,2022,11,10,08,55,110,8.8,10.8,MM,MM,MM,MM,MM,MM,3.9,MM,3.6,MM,MM
SHBL1,29.868,-89.673,2022,11,10,08,30,70,6.7,7.7,MM,MM,MM,MM,1016.2,MM,20.1,20.7,MM,MM,MM
SHPF1,30.058,-84.291,2022,11,10,06,54,20,5.7,9.8,MM,MM,MM,MM,1014.0,MM,19.1,MM,11.6,MM,MM
SHXA2,57.055,-135.349,2022,11,10,08,52,160,3.6,7.7,MM,MM,MM,MM,MM,MM,2.2,MM,1.0,MM,MM
SIPF1,27.862,-80.445,2022,11,10,07,15,MM,MM,MM,MM,MM,MM,MM,992.0,MM,23.5,23.2,MM,MM,MM
SISA2,58.177,-135.259,2022,11,10,08,22,70,10.8,14.4,MM,MM,MM,MM,MM,MM,0.2,MM,MM,MM,MM
SISW1,48.321,-122.831,2022,11,10,09,00,170,7.2,8.8,MM,MM,MM,MM,1026.7,MM,5.6,MM,4.3,MM,MM
SJNP4,18.459,-66.116,2022,11,10,08,30,200,2.1,2.1,MM,MM,MM,MM,1011.6,MM,25.9,28.8,MM,MM,MM
SJSN4,39.305,-75.377,2022,11,10,08,30,40,4.1,5.1,MM,MM,MM,MM,1030.5,MM,10.0,14.5,MM,MM,MM
SKCF1,27.921,-82.445,2022,11,10,08,18,320,8.2,11.3,MM,MM,MM,MM,MM,MM,MM,MM,MM,MM,MM
SKTA2,59.450,-135.327,2022,11,10,08,30,MM,MM,MM,MM,MM,MM,MM,1018.5,MM,-3.0,5.8,MM,MM,MM
SKXA2,59.448,-135.326,2022,11,10,08,53,350,2.1,2.6,MM,MM,MM,MM,MM,MM,-2.5,MM,-5.4,MM,MM
SLIM2,38.321,-76.452,2022,11,10,08,30,10,1.5,2.1,MM,MM,MM,MM,1028.5,MM,11.5,15.9,MM,MM,MM
SLVM5,47.278,-91.270,2022,11,10,08,40,30,3.6,6.2,MM,MM,MM,MM,1012.2,MM,5.9,MM,MM,MM,MM
SLXA2,55.340,-131.644,2022,11,10,08,53,130,4.6,7.7,MM,MM,MM,MM,1017.9,MM,2.8,MM,-4.7,MM,MM
SMKF1,24.628,-81.109,2022,11,10,08,50,250,7.2,9.3,MM,MM,MM,MM,1003.8,MM,24.7,MM,23.2,MM,MM
SNDA2,55.336,-160.502,2022,11,10,08,30,260,3.1,3.6,MM,MM,MM,MM,1015.6,MM,5.5,7.6,MM,MM,MM
SNDP5,28.215,-177.361,2022,11,10,08,30,MM,MM,MM,MM,MM,MM,MM,MM,MM,MM,25.8,MM,MM,MM
SNTO3,43.279,-124.318,2022,11,10,08,30,200,0.5,MM,MM,MM,MM,MM,1028.0,MM,0.2,MM,0.2,MM,MM
SPGF1,26.704,-78.995,2022,11,10,08,00,190,15.4,18.5,MM,MM,MM,MM,999.5,+5.8,25.3,MM,MM,MM,MM
SPXA2,55.599,-132.203,2022,11,10,08,53,100,4.1,8.8,MM,MM,MM,MM,1018.7,MM,2.9,MM,MM,MM,MM
SREF1,25.352,-81.100,2022,11,10,08,00,MM,MM,MM,MM,MM,MM,MM,MM,MM,MM,24.3,MM,MM,2.04
SRLM4,45.773,-84.137,2022,11,10,08,00,200,8.8,MM,MM,MM,MM,MM,MM,MM,14.4,12.0,10.1,MM,MM
SRST2,29.683,-94.033,2022,11,10,08,00,130,6.2,7.2,MM,MM,MM,MM,1016.1,-1.9,22.3,MM,MM,MM,MM
SRXA2,58.383,-134.652,2022,11,10,08,53,360,3.1,5.7,MM,MM,MM,MM,1017.7,MM,0.8,MM,-4.8,MM,MM
SSBN7,33.838,-78.484,2022,11,10,08,36,MM,MM,MM,1.1,11,MM,132,MM,MM,MM,MM,MM,MM,MM
STDM4,47.184,-87.225,2022,11,10,09,00,20,8.2,9.3,MM,MM,MM,MM,MM,MM,MM,MM,MM,MM,MM
STXA2,57.116,-135.391,2022,11,10,08,52,110,0.5,1.0,MM,MM,MM,MM,MM,MM,0.9,MM,0.2,MM,MM
SVNM4,42.401,-86.288,2022,11,10,08,40,150,6.2,7.7,MM,MM,MM,MM,MM,MM,18.6,MM,MM,MM,MM
SWLA2,60.120,-149.427,2022,11,10,08,30,MM,MM,MM,MM,MM,MM,MM,1002.3,MM,MM,7.2,MM,MM,MM
SWPM4,46.501,-84.372,2022,11,10,08,30,80,1.5,2.6,MM,MM,MM,MM,1012.8,MM,9.8,10.5,MM,MM,MM
SWPV2,36.943,-76.329,2022,11,10,08,30,MM,MM,MM,MM,MM,MM,MM,1027.3,MM,MM,17.1,MM,MM,MM
SWXA2,60.116,-149.434,2022,11,10,08,54,350,4.6,8.2,MM,MM,MM,MM,MM,MM,5.4,MM,1.1,MM,MM
SXHW3,46.563,-90.437,2022,11,10,08,40,40,9.8,11.3,MM,MM,MM,MM,1010.8,MM,7.3,MM,MM,MM,MM
SXXA2,55.315,-131.596,2022,11,10,08,53,110,2.6,6.2,MM,MM,MM,MM,MM,MM,2.3,MM,-7.2,MM,MM
TAQT2,27.815,-97.389,2022,11,10,08,30,MM,MM,MM,MM,MM,MM,MM,1013.2,MM,24.5,MM,MM,MM,MM
TAWM4,44.254,-83.449,2022,11,10,08,40,220,3.6,5.7,MM,MM,MM,MM,1018.3,MM,11.7,MM,MM,MM,MM
TBIM4,45.035,-83.194,2022,11,10,08,30,170,6.2,6.2,MM,MM,MM,MM,MM,MM,11.2,MM,MM,MM,MM
TBYF1,25.155,-80.722,2022,11,10,08,00,MM,MM,MM,MM,MM,MM,MM,MM,MM,MM,24.0,MM,MM,0.46
TCBM2,39.213,-76.244,2022,11,10,08,30,MM,0.0,1.0,MM,MM,MM,MM,1030.8,MM,8.4,15.0,MM,MM,MM
TCMW1,47.276,-122.418,2022,11,10,08,30,110,1.5,1.5,MM,MM,MM,MM,MM,MM,MM,MM,MM,MM,MM
TCNW1,47.267,-122.413,2022,11,10,08,30,MM,MM,MM,MM,MM,MM,MM,1027.8,MM,MM,10.7,MM,MM,MM
TCVF1,25.213,-80.533,2022,11,10,08,00,MM,MM,MM,MM,MM,MM,MM,MM,MM,MM,24.9,MM,MM,0.70
TESL1,29.668,-91.237,2022,11,10,08,30,70,2.1,3.1,MM,MM,MM,MM,1016.9,MM,16.6,20.3,MM,MM,MM
TFBLK,65.698,-24.778,2022,11,10,08,00,MM,MM,MM,5.0,9,MM,MM,MM,MM,MM,MM,MM,MM,MM
THLO1,41.826,-83.194,2022,11,10,08,30,180,6.2,6.7,MM,MM,MM,MM,MM,MM,13.1,MM,MM,MM,MM
THRF1,25.203,-80.372,2022,11,10,08,00,MM,MM,MM,MM,MM,MM,MM,MM,MM,MM,24.7,MM,MM,1.02
THRO1,41.694,-83.473,2022,11,10,08,30,190,4.6,6.2,MM,MM,MM,MM,1020.4,MM,13.3,MM,-1.9,MM,MM
TIBC1,37.892,-122.447,2022,11,10,07,46,270,2.1,MM,MM,MM,MM,MM,1025.0,MM,9.5,MM,6.1,MM,MM
TIXC1,32.575,-117.127,2022,11,10,07,45,50,0.5,MM,MM,MM,MM,MM,1020.0,MM,9.8,MM,7.6,MM,MM
TKEA2,57.779,-135.219,2022,11,10,08,52,90,6.2,11.8,MM,MM,MM,MM,1015.1,MM,0.3,MM,-1.0,MM,MM
TKPN6,42.014,-73.939,2022,11,10,08,30,170,8.2,10.3,MM,MM,MM,MM,1029.0,MM,8.4,14.2,3.9,MM,MM
TLBO3,45.555,-123.919,2022,11,10,08,30,MM,MM,MM,MM,MM,MM,MM,1027.3,MM,MM,11.2,MM,MM,MM
TLVT2,27.819,-97.454,2022,11,10,08,30,MM,MM,MM,MM,MM,MM,MM,1013.5,MM,23.4,MM,22.8,5.9,MM
TOKW1,46.707,-123.967,2022,11,10,08,30,90,3.6,4.6,MM,MM,MM,MM,1027.6,MM,4.0,9.6,MM,MM,MM
TPAF1,27.933,-82.433,2022,11,10,08,24,320,5.7,9.8,MM,MM,MM,MM,MM,MM,MM,MM,MM,MM,MM
TPEF1,25.410,-80.964,2022,11,10,08,00,MM,MM,MM,MM,MM,MM,MM,MM,MM,MM,24.4,MM,MM,0.65
TPLM2,38.899,-76.436,2022,11,10,08,00,20,3.1,3.6,MM,MM,MM,MM,1031.5,-1.5,11.1,MM,MM,MM,MM
TRDF1,28.416,-80.593,2022,11,10,08,30,60,15.4,24.2,MM,MM,MM,MM,989.8,MM,23.3,26.9,MM,MM,MM
TRRF1,25.217,-80.650,2022,11,10,08,00,MM,MM,MM,MM,MM,MM,MM,MM,MM,MM,24.0,MM,MM,0.10
TSHF1,27.929,-82.426,2022,11,10,08,18,330,6.7,11.3,MM,MM,MM,MM,MM,MM,MM,MM,MM,MM,MM
TXPT2,29.689,-93.842,2022,11,10,08,30,130,6.2,7.2,MM,MM,MM,MM,1014.1,MM,22.3,23.7,MM,MM,MM
TXVT2,27.813,-97.389,2022,11,10,08,30,MM,MM,MM,MM,MM,MM,MM,1013.9,MM,24.4,MM,23.0,5.9,MM
ULRA2,63.872,-160.784,2022,11,10,08,30,MM,MM,MM,MM,MM,MM,MM,1007.7,MM,MM,MM,MM,MM,MM
UNLA2,53.880,-166.537,2022,11,10,08,30,170,4.1,7.7,MM,MM,MM,MM,1012.2,MM,5.8,6.4,MM,MM,MM
UPBC1,38.038,-122.121,2022,11,10,08,30,110,2.1,2.6,MM,MM,MM,MM,MM,MM,MM,MM,MM,MM,MM
UQXA2,71.315,-156.722,2022,11,10,08,53,150,7.2,9.8,MM,MM,MM,MM,MM,MM,-7.2,MM,-8.3,MM,MM
UTVT2,27.838,-97.052,2022,11,10,08,30,MM,MM,MM,MM,MM,MM,MM,MM,MM,24.3,MM,23.5,5.9,MM
VAKF1,25.731,-80.162,2022,11,10,08,30,210,10.8,12.9,MM,MM,MM,MM,1002.6,MM,26.3,25.3,MM,MM,MM
VCAF1,24.711,-81.107,2022,11,10,08,30,270,5.1,7.7,MM,MM,MM,MM,1003.5,MM,24.4,25.1,MM,MM,MM
VCAT2,28.640,-96.609,2022,11,10,08,30,160,4.6,5.7,MM,MM,MM,MM,1014.1,MM,23.5,24.7,MM,MM,MM
VCVA2,57.125,-170.285,2022,11,10,08,30,MM,MM,MM,MM,MM,MM,MM,1009.8,MM,MM,5.1,MM,MM,MM
VDXA2,61.127,-146.344,2022,11,10,08,54,30,0.5,1.0,MM,MM,MM,MM,MM,MM,0.8,MM,0.7,MM,MM
VDZA2,61.125,-146.361,2022,11,10,08,30,MM,0.0,0.0,MM,MM,MM,MM,1005.3,MM,0.5,7.7,MM,MM,MM
VENF1,27.072,-82.453,2022,11,10,08,00,340,16.0,18.0,MM,MM,MM,MM,1002.5,-4.3,20.7,24.0,19.8,MM,MM
VTBT2,27.841,-97.520,2022,11,10,08,30,130,3.1,4.1,MM,MM,MM,MM,1013.7,MM,22.7,MM,22.7,5.9,MM
WAHV2,37.608,-75.686,2022,11,10,08,30,30,3.6,4.6,MM,MM,MM,MM,1027.9,MM,15.1,14.3,MM,MM,MM
WASD2,38.873,-77.021,2022,11,10,08,30,MM,0.0,1.5,MM,MM,MM,MM,1030.4,MM,10.1,15.9,MM,MM,MM
WATS1,34.335,-80.702,2022,11,10,08,30,20,1.5,3.6,MM,MM,MM,MM,MM,MM,15.1,MM,MM,MM,MM
WAXM3,41.582,-70.525,2022,11,10,07,45,160,2.1,MM,MM,MM,MM,MM,1030.0,MM,16.9,MM,14.2,MM,MM
WCRP1,42.077,-80.240,2022,11,10,09,00,160,7.7,11.3,MM,MM,MM,MM,MM,MM,13.6,MM,MM,MM,MM
WCXA2,55.402,-131.729,2022,11,10,08,53,70,3.6,6.7,MM,MM,MM,MM,MM,MM,1.8,MM,MM,MM,MM
WDSV2,36.977,-76.315,2022,11,10,08,30,20,5.1,6.2,MM,MM,MM,MM,1028.3,MM,15.3,MM,MM,MM,MM
WEXM1,43.337,-70.549,2022,11,10,08,00,200,2.1,MM,MM,MM,MM,MM,MM,MM,3.6,MM,0.1,MM,MM
WFPM4,46.760,-84.970,2022,11,10,08,40,200,7.2,9.3,MM,MM,MM,MM,1013.2,MM,11.9,MM,MM,MM,MM
WHRI2,42.361,-87.813,2022,11,10,08,00,320,7.2,7.7,MM,MM,MM,MM,MM,MM,18.3,MM,MM,MM,MM
WIWF1,25.587,-81.044,2022,11,10,08,00,MM,MM,MM,MM,MM,MM,MM,MM,MM,MM,23.6,MM,MM,0.47
WIXA2,60.777,-148.682,2022,11,10,08,54,160,1.5,2.1,MM,MM,MM,MM,1004.0,MM,2.6,MM,MM,MM,MM
WKXA1,30.421,-87.828,2022,11,10,07,45,MM,MM,MM,MM,MM,MM,MM,1018.0,MM,15.3,MM,11.4,MM,MM
WLON7,34.228,-77.954,2022,11,10,08,30,MM,MM,MM,MM,MM,MM,MM,1021.9,MM,16.0,19.9,MM,MM,MM
WNEM4,46.285,-84.210,2022,11,10,08,30,MM,0.0,0.0,MM,MM,MM,MM,1012.9,MM,8.1,10.7,7.6,MM,MM
WPLF1,25.710,-81.249,2022,11,10,08,00,MM,MM,MM,MM,MM,MM,MM,MM,MM,MM,24.2,MM,MM,1.47
WPOW1,47.662,-122.436,2022,11,10,08,00,MM,0.0,1.0,MM,MM,MM,MM,1026.9,+1.6,4.6,MM,1.9,MM,MM
WPTW1,46.904,-124.105,2022,11,10,08,36,140,3.6,4.1,MM,MM,MM,MM,1026.5,MM,5.3,10.6,MM,MM,MM
WRBF1,25.072,-80.735,2022,11,10,08,00,MM,8.2,MM,MM,MM,MM,MM,MM,MM,MM,23.7,MM,MM,0.54
WRXA2,70.636,-160.034,2022,11,10,08,53,150,7.2,9.8,MM,MM,MM,MM,MM,MM,-4.2,MM,-6.2,MM,MM
WSLM4,45.842,-85.135,2022,11,10,08,30,190,6.7,MM,MM,MM,MM,MM,1013.5,MM,13.3,9.7,8.0,MM,MM
WWEF1,25.232,-80.938,2022,11,10,07,00,MM,MM,MM,MM,MM,MM,MM,MM,MM,MM,24.3,MM,MM,0.56
WYCM6,30.326,-89.326,2022,11,10,08,30,60,6.2,7.2,MM,MM,MM,MM,1016.9,MM,18.9,21.5,MM,MM,MM
YATA2,59.548,-139.733,2022,11,10,08,30,MM,MM,MM,MM,MM,MM,MM,1010.8,MM,MM,9.2,MM,MM,MM
YKRV2,37.251,-76.342,2022,11,10,08,30,20,5.7,6.2,MM,MM,MM,MM,1028.5,MM,14.7,MM,MM,MM,MM
YKTV2,37.227,-76.479,2022,11,10,08,30,30,3.1,4.1,MM,MM,MM,MM,1028.3,MM,14.0,17.0,MM,MM,MM
YRSV2,37.414,-76.712,2022,11,10,08,30,MM,0.0,MM,MM,MM,MM,MM,1030.0,MM,11.3,MM,9.7,MM,MM
